900	-245	0
899	-246	0
899	-247	0
898	-248	0
898	-249	0
897	-250	0
897	-251	0
896	-252	0
896	-253	0
896	-254	0
895	-255	0
895	-256	0
894	-257	0
894	-258	0
893	-259	0
893	-260	0
892	-261	0
892	-262	0
891	-263	0
891	-264	0
890	-265	0
890	-266	0
889	-267	0
889	-268	0
888	-269	0
888	-270	0
887	-271	0
887	-272	0
887	-273	0
886	-274	0
886	-275	0
885	-276	0
885	-277	0
884	-278	0
884	-279	0
883	-280	0
883	-281	0
882	-282	0
882	-283	0
881	-284	0
881	-285	0
880	-286	0
880	-287	0
879	-288	0
879	-289	0
878	-290	0
878	-291	0
878	-292	0
877	-293	0
877	-294	0
876	-295	0
876	-296	0
875	-297	0
875	-298	0
874	-299	0
874	-300	0
873	-301	0
873	-302	0
872	-303	0
872	-304	0
871	-305	0
871	-306	0
870	-307	0
870	-308	0
869	-309	0
869	-310	0
869	-311	0
868	-312	0
868	-313	0
867	-314	0
867	-315	0
866	-316	0
866	-317	0
865	-318	0
865	-319	0
864	-320	0
864	-321	0
863	-322	0
863	-323	0
862	-324	0
862	-325	0
861	-326	0
861	-327	0
860	-328	0
860	-329	0
860	-330	0
859	-331	0
859	-332	0
858	-333	0
858	-334	0
857	-335	0
857	-336	0
856	-337	0
856	-338	0
855	-339	0
855	-340	0
854	-341	0
854	-342	0
853	-343	0
853	-344	0
852	-345	0
852	-346	0
851	-347	0
851	-348	0
851	-349	0
850	-350	0
850	-351	0
849	-352	0
849	-353	0
848	-354	0
848	-355	0
847	-356	0
847	-357	0
846	-358	0
846	-359	0
845	-360	0
845	-361	0
844	-362	0
844	-363	0
843	-364	0
843	-365	0
842	-366	0
842	-367	0
842	-368	0
841	-369	0
841	-370	0
840	-371	0
840	-372	0
839	-373	0
839	-374	0
838	-375	0
838	-376	0
837	-377	0
837	-378	0
836	-379	0
836	-380	0
835	-381	0
835	-382	0
834	-383	0
834	-384	0
833	-385	0
833	-386	0
833	-387	0
832	-388	0
832	-389	0
831	-390	0
831	-391	0
830	-392	0
830	-393	0
829	-394	0
829	-395	0
828	-396	0
828	-397	0
827	-398	0
827	-399	0
826	-400	0
826	-401	0
825	-402	0
825	-403	0
824	-404	0
824	-405	0
824	-406	0
823	-407	0
823	-408	0
822	-409	0
822	-410	0
821	-411	0
821	-412	0
820	-413	0
820	-414	0
819	-415	0
819	-416	0
818	-417	0
818	-418	0
817	-419	0
817	-420	0
816	-421	0
816	-422	0
815	-423	0
815	-424	0
815	-425	0
814	-426	0
814	-427	0
813	-428	0
813	-429	0
812	-430	0
812	-431	0
811	-432	0
811	-433	0
810	-434	0
810	-435	0
811	-436	0
814	-437	0
816	-438	0
819	-439	0
821	-440	0
824	-441	0
826	-442	0
829	-443	0
831	-444	0
834	-445	0
836	-446	0
839	-447	0
841	-448	0
844	-449	0
846	-450	0
849	-451	0
851	-452	0
854	-453	0
856	-454	0
859	-455	0
861	-456	0
864	-457	0
866	-458	0
869	-459	0
871	-460	0
874	-461	0
876	-462	0
879	-463	0
881	-464	0
884	-465	0
886	-466	0
889	-467	0
891	-468	0
894	-469	0
896	-470	0
899	-471	0
901	-472	0
904	-473	0
906	-474	0
909	-475	0
911	-476	0
913	-477	0
916	-478	0
918	-479	0
921	-480	0
923	-481	0
926	-482	0
928	-483	0
931	-484	0
933	-485	0
936	-486	0
938	-487	0
941	-488	0
943	-489	0
946	-490	0
948	-491	0
951	-492	0
953	-493	0
956	-494	0
958	-495	0
961	-496	0
963	-497	0
966	-498	0
968	-499	0
971	-500	0
973	-501	0
976	-502	0
978	-503	0
981	-504	0
983	-505	0
986	-506	0
988	-507	0
991	-508	0
993	-509	0
996	-510	0
998	-511	0
1001	-512	0
1003	-513	0
1006	-514	0
1008	-515	0
1011	-516	0
900	-245	0
900	-246	0
901	-247	0
901	-248	0
901	-249	0
902	-250	0
902	-251	0
903	-252	0
903	-253	0
904	-254	0
904	-255	0
904	-256	0
905	-257	0
905	-258	0
906	-259	0
906	-260	0
906	-261	0
907	-262	0
907	-263	0
908	-264	0
908	-265	0
908	-266	0
909	-267	0
909	-268	0
910	-269	0
910	-270	0
911	-271	0
911	-272	0
911	-273	0
912	-274	0
912	-275	0
913	-276	0
913	-277	0
913	-278	0
914	-279	0
914	-280	0
915	-281	0
915	-282	0
915	-283	0
916	-284	0
916	-285	0
917	-286	0
917	-287	0
918	-288	0
918	-289	0
918	-290	0
919	-291	0
919	-292	0
920	-293	0
920	-294	0
920	-295	0
921	-296	0
921	-297	0
922	-298	0
922	-299	0
923	-300	0
923	-301	0
923	-302	0
924	-303	0
924	-304	0
925	-305	0
925	-306	0
925	-307	0
926	-308	0
926	-309	0
927	-310	0
927	-311	0
927	-312	0
928	-313	0
928	-314	0
929	-315	0
929	-316	0
930	-317	0
930	-318	0
930	-319	0
931	-320	0
931	-321	0
932	-322	0
932	-323	0
932	-324	0
933	-325	0
933	-326	0
934	-327	0
934	-328	0
935	-329	0
935	-330	0
935	-331	0
936	-332	0
936	-333	0
937	-334	0
937	-335	0
937	-336	0
938	-337	0
938	-338	0
939	-339	0
939	-340	0
939	-341	0
940	-342	0
940	-343	0
941	-344	0
941	-345	0
942	-346	0
942	-347	0
942	-348	0
943	-349	0
943	-350	0
944	-351	0
944	-352	0
944	-353	0
945	-354	0
945	-355	0
946	-356	0
946	-357	0
946	-358	0
947	-359	0
947	-360	0
948	-361	0
948	-362	0
949	-363	0
949	-364	0
949	-365	0
950	-366	0
950	-367	0
951	-368	0
951	-369	0
951	-370	0
952	-371	0
952	-372	0
953	-373	0
953	-374	0
954	-375	0
954	-376	0
954	-377	0
955	-378	0
955	-379	0
956	-380	0
956	-381	0
956	-382	0
957	-383	0
957	-384	0
958	-385	0
958	-386	0
958	-387	0
959	-388	0
959	-389	0
960	-390	0
960	-391	0
961	-392	0
961	-393	0
961	-394	0
962	-395	0
962	-396	0
963	-397	0
963	-398	0
963	-399	0
964	-400	0
964	-401	0
965	-402	0
965	-403	0
966	-404	0
966	-405	0
966	-406	0
967	-407	0
967	-408	0
968	-409	0
968	-410	0
968	-411	0
969	-412	0
969	-413	0
970	-414	0
970	-415	0
970	-416	0
971	-417	0
971	-418	0
972	-419	0
972	-420	0
973	-421	0
973	-422	0
973	-423	0
974	-424	0
974	-425	0
975	-426	0
975	-427	0
975	-428	0
976	-429	0
976	-430	0
977	-431	0
977	-432	0
977	-433	0
978	-434	0
978	-435	0
979	-436	0
979	-437	0
980	-438	0
980	-439	0
980	-440	0
981	-441	0
981	-442	0
982	-443	0
982	-444	0
982	-445	0
983	-446	0
983	-447	0
984	-448	0
984	-449	0
985	-450	0
985	-451	0
985	-452	0
986	-453	0
986	-454	0
987	-455	0
987	-456	0
987	-457	0
988	-458	0
988	-459	0
989	-460	0
989	-461	0
989	-462	0
990	-463	0
990	-464	0
991	-465	0
991	-466	0
992	-467	0
992	-468	0
992	-469	0
993	-470	0
993	-471	0
994	-472	0
994	-473	0
994	-474	0
995	-475	0
995	-476	0
996	-477	0
996	-478	0
997	-479	0
997	-480	0
997	-481	0
998	-482	0
998	-483	0
999	-484	0
999	-485	0
999	-486	0
1000	-487	0
1000	-488	0
1001	-489	0
1001	-490	0
1001	-491	0
1002	-492	0
1002	-493	0
1003	-494	0
1003	-495	0
1004	-496	0
1004	-497	0
1004	-498	0
1005	-499	0
1005	-500	0
1006	-501	0
1006	-502	0
1006	-503	0
1007	-504	0
1007	-505	0
1008	-506	0
1008	-507	0
1008	-508	0
1009	-509	0
1009	-510	0
1010	-511	0
1010	-512	0
1011	-513	0
1011	-514	0
1011	-515	0
1012	-516	0
917	-149	0
917	-150	0
917	-151	0
916	-152	0
916	-153	0
916	-154	0
916	-155	0
916	-156	0
915	-157	0
915	-158	0
915	-159	0
915	-160	0
915	-161	0
915	-162	0
914	-163	0
914	-164	0
914	-165	0
914	-166	0
914	-167	0
914	-168	0
913	-169	0
913	-170	0
913	-171	0
913	-172	0
913	-173	0
912	-174	0
912	-175	0
912	-176	0
912	-177	0
912	-178	0
912	-179	0
911	-180	0
911	-181	0
911	-182	0
911	-183	0
911	-184	0
911	-185	0
910	-186	0
910	-187	0
910	-188	0
910	-189	0
910	-190	0
909	-191	0
909	-192	0
909	-193	0
909	-194	0
909	-195	0
909	-196	0
908	-197	0
908	-198	0
908	-199	0
908	-200	0
908	-201	0
908	-202	0
907	-203	0
907	-204	0
907	-205	0
907	-206	0
907	-207	0
906	-208	0
906	-209	0
906	-210	0
906	-211	0
906	-212	0
906	-213	0
905	-214	0
905	-215	0
905	-216	0
905	-217	0
905	-218	0
905	-219	0
904	-220	0
904	-221	0
904	-222	0
904	-223	0
904	-224	0
903	-225	0
903	-226	0
903	-227	0
903	-228	0
903	-229	0
903	-230	0
902	-231	0
902	-232	0
902	-233	0
902	-234	0
902	-235	0
902	-236	0
901	-237	0
901	-238	0
901	-239	0
901	-240	0
901	-241	0
900	-242	0
900	-243	0
900	-244	0
900	-245	0
901	-246	0
903	-247	0
905	-248	0
908	-249	0
910	-250	0
912	-251	0
914	-252	0
916	-253	0
919	-254	0
921	-255	0
923	-256	0
925	-257	0
927	-258	0
930	-259	0
932	-260	0
934	-261	0
936	-262	0
938	-263	0
941	-264	0
943	-265	0
945	-266	0
947	-267	0
949	-268	0
952	-269	0
954	-270	0
956	-271	0
958	-272	0
960	-273	0
963	-274	0
965	-275	0
967	-276	0
969	-277	0
971	-278	0
974	-279	0
976	-280	0
978	-281	0
980	-282	0
982	-283	0
985	-284	0
987	-285	0
989	-286	0
991	-287	0
993	-288	0
996	-289	0
998	-290	0
1000	-291	0
1002	-292	0
1004	-293	0
1007	-294	0
1009	-295	0
1011	-296	0
1013	-297	0
1015	-298	0
1018	-299	0
1020	-300	0
1022	-301	0
1024	-302	0
1026	-303	0
1029	-304	0
1031	-305	0
1033	-306	0
1035	-307	0
1037	-308	0
1040	-309	0
1042	-310	0
1044	-311	0
1046	-312	0
1048	-313	0
1051	-314	0
1053	-315	0
1055	-316	0
1057	-317	0
1059	-318	0
1062	-319	0
1064	-320	0
1066	-321	0
1068	-322	0
1070	-323	0
1073	-324	0
1075	-325	0
1077	-326	0
1079	-327	0
1081	-328	0
1084	-329	0
1086	-330	0
1088	-331	0
1090	-332	0
1092	-333	0
1095	-334	0
1097	-335	0
1099	-336	0
1101	-337	0
1103	-338	0
1106	-339	0
1108	-340	0
1110	-341	0
1112	-342	0
1114	-343	0
1117	-344	0
1119	-345	0
1121	-346	0
917	-149	0
918	-150	0
919	-151	0
920	-152	0
921	-153	0
922	-154	0
923	-155	0
924	-156	0
925	-157	0
926	-158	0
927	-159	0
928	-160	0
929	-161	0
930	-162	0
931	-163	0
932	-164	0
933	-165	0
934	-166	0
935	-167	0
936	-168	0
937	-169	0
938	-170	0
939	-171	0
940	-172	0
941	-173	0
942	-174	0
944	-175	0
945	-176	0
946	-177	0
947	-178	0
948	-179	0
949	-180	0
950	-181	0
951	-182	0
952	-183	0
953	-184	0
954	-185	0
955	-186	0
956	-187	0
957	-188	0
958	-189	0
959	-190	0
960	-191	0
961	-192	0
962	-193	0
963	-194	0
964	-195	0
965	-196	0
966	-197	0
967	-198	0
969	-199	0
970	-200	0
971	-201	0
972	-202	0
973	-203	0
974	-204	0
975	-205	0
976	-206	0
977	-207	0
978	-208	0
979	-209	0
980	-210	0
981	-211	0
982	-212	0
983	-213	0
984	-214	0
985	-215	0
986	-216	0
987	-217	0
988	-218	0
989	-219	0
990	-220	0
991	-221	0
992	-222	0
993	-223	0
995	-224	0
996	-225	0
997	-226	0
998	-227	0
999	-228	0
1000	-229	0
1001	-230	0
1002	-231	0
1003	-232	0
1004	-233	0
1005	-234	0
1006	-235	0
1007	-236	0
1008	-237	0
1009	-238	0
1010	-239	0
1011	-240	0
1012	-241	0
1013	-242	0
1014	-243	0
1015	-244	0
1016	-245	0
1017	-246	0
1018	-247	0
1019	-248	0
1021	-249	0
1022	-250	0
1023	-251	0
1024	-252	0
1025	-253	0
1026	-254	0
1027	-255	0
1028	-256	0
1029	-257	0
1030	-258	0
1031	-259	0
1032	-260	0
1033	-261	0
1034	-262	0
1035	-263	0
1036	-264	0
1037	-265	0
1038	-266	0
1039	-267	0
1040	-268	0
1041	-269	0
1042	-270	0
1043	-271	0
1044	-272	0
1046	-273	0
1047	-274	0
1048	-275	0
1049	-276	0
1050	-277	0
1051	-278	0
1052	-279	0
1053	-280	0
1054	-281	0
1055	-282	0
1056	-283	0
1057	-284	0
1058	-285	0
1059	-286	0
1060	-287	0
1061	-288	0
1062	-289	0
1063	-290	0
1064	-291	0
1065	-292	0
1066	-293	0
1067	-294	0
1068	-295	0
1069	-296	0
1070	-297	0
1072	-298	0
1073	-299	0
1074	-300	0
1075	-301	0
1076	-302	0
1077	-303	0
1078	-304	0
1079	-305	0
1080	-306	0
1081	-307	0
1082	-308	0
1083	-309	0
1084	-310	0
1085	-311	0
1086	-312	0
1087	-313	0
1088	-314	0
1089	-315	0
1090	-316	0
1091	-317	0
1092	-318	0
1093	-319	0
1094	-320	0
1095	-321	0
1097	-322	0
1098	-323	0
1099	-324	0
1100	-325	0
1101	-326	0
1102	-327	0
1103	-328	0
1104	-329	0
1105	-330	0
1106	-331	0
1107	-332	0
1108	-333	0
1109	-334	0
1110	-335	0
1111	-336	0
1112	-337	0
1113	-338	0
1114	-339	0
1115	-340	0
1116	-341	0
1117	-342	0
1118	-343	0
1119	-344	0
1120	-345	0
1121	-346	0
917	-149	0
916	-150	0
916	-151	0
915	-152	0
915	-153	0
914	-154	0
914	-155	0
914	-156	0
913	-157	0
913	-158	0
912	-159	0
912	-160	0
911	-161	0
911	-162	0
910	-163	0
910	-164	0
909	-165	0
909	-166	0
909	-167	0
908	-168	0
908	-169	0
907	-170	0
907	-171	0
906	-172	0
906	-173	0
905	-174	0
905	-175	0
904	-176	0
904	-177	0
904	-178	0
903	-179	0
903	-180	0
902	-181	0
902	-182	0
901	-183	0
901	-184	0
900	-185	0
900	-186	0
899	-187	0
899	-188	0
898	-189	0
898	-190	0
898	-191	0
897	-192	0
897	-193	0
896	-194	0
896	-195	0
895	-196	0
895	-197	0
894	-198	0
894	-199	0
893	-200	0
893	-201	0
893	-202	0
892	-203	0
892	-204	0
891	-205	0
891	-206	0
890	-207	0
890	-208	0
889	-209	0
889	-210	0
888	-211	0
888	-212	0
888	-213	0
887	-214	0
887	-215	0
886	-216	0
886	-217	0
885	-218	0
885	-219	0
884	-220	0
884	-221	0
883	-222	0
883	-223	0
882	-224	0
882	-225	0
882	-226	0
881	-227	0
881	-228	0
880	-229	0
880	-230	0
879	-231	0
879	-232	0
878	-233	0
878	-234	0
877	-235	0
877	-236	0
877	-237	0
876	-238	0
876	-239	0
875	-240	0
875	-241	0
874	-242	0
874	-243	0
873	-244	0
873	-245	0
872	-246	0
872	-247	0
872	-248	0
871	-249	0
871	-250	0
870	-251	0
870	-252	0
869	-253	0
869	-254	0
868	-255	0
868	-256	0
867	-257	0
867	-258	0
866	-259	0
866	-260	0
866	-261	0
865	-262	0
865	-263	0
864	-264	0
864	-265	0
863	-266	0
863	-267	0
862	-268	0
862	-269	0
861	-270	0
861	-271	0
861	-272	0
860	-273	0
860	-274	0
859	-275	0
859	-276	0
858	-277	0
858	-278	0
857	-279	0
857	-280	0
856	-281	0
856	-282	0
856	-283	0
855	-284	0
855	-285	0
854	-286	0
854	-287	0
853	-288	0
853	-289	0
852	-290	0
852	-291	0
851	-292	0
851	-293	0
850	-294	0
850	-295	0
850	-296	0
849	-297	0
849	-298	0
848	-299	0
848	-300	0
847	-301	0
847	-302	0
846	-303	0
846	-304	0
845	-305	0
845	-306	0
845	-307	0
844	-308	0
844	-309	0
843	-310	0
843	-311	0
842	-312	0
842	-313	0
841	-314	0
841	-315	0
840	-316	0
840	-317	0
840	-318	0
839	-319	0
839	-320	0
838	-321	0
838	-322	0
837	-323	0
837	-324	0
837	-325	0
836	-326	0
836	-327	0
836	-328	0
836	-329	0
835	-330	0
835	-331	0
835	-332	0
835	-333	0
834	-334	0
834	-335	0
834	-336	0
834	-337	0
833	-338	0
833	-339	0
833	-340	0
833	-341	0
833	-342	0
832	-343	0
832	-344	0
832	-345	0
832	-346	0
831	-347	0
831	-348	0
831	-349	0
831	-350	0
830	-351	0
830	-352	0
830	-353	0
830	-354	0
829	-355	0
829	-356	0
829	-357	0
829	-358	0
828	-359	0
828	-360	0
828	-361	0
828	-362	0
827	-363	0
827	-364	0
827	-365	0
827	-366	0
826	-367	0
826	-368	0
826	-369	0
826	-370	0
825	-371	0
825	-372	0
825	-373	0
825	-374	0
824	-375	0
824	-376	0
824	-377	0
824	-378	0
824	-379	0
823	-380	0
823	-381	0
823	-382	0
823	-383	0
822	-384	0
822	-385	0
822	-386	0
822	-387	0
821	-388	0
821	-389	0
821	-390	0
821	-391	0
820	-392	0
820	-393	0
820	-394	0
820	-395	0
819	-396	0
819	-397	0
819	-398	0
819	-399	0
818	-400	0
818	-401	0
818	-402	0
818	-403	0
817	-404	0
817	-405	0
817	-406	0
817	-407	0
816	-408	0
816	-409	0
816	-410	0
816	-411	0
815	-412	0
815	-413	0
815	-414	0
815	-415	0
815	-416	0
814	-417	0
814	-418	0
814	-419	0
814	-420	0
813	-421	0
813	-422	0
813	-423	0
813	-424	0
812	-425	0
812	-426	0
812	-427	0
812	-428	0
811	-429	0
811	-430	0
811	-431	0
811	-432	0
810	-433	0
810	-434	0
810	-435	0
917	-149	0
916	-150	0
916	-151	0
916	-152	0
915	-153	0
915	-154	0
915	-155	0
914	-156	0
914	-157	0
913	-158	0
913	-159	0
913	-160	0
912	-161	0
912	-162	0
912	-163	0
911	-164	0
911	-165	0
910	-166	0
910	-167	0
910	-168	0
909	-169	0
909	-170	0
909	-171	0
908	-172	0
908	-173	0
907	-174	0
907	-175	0
907	-176	0
906	-177	0
906	-178	0
906	-179	0
905	-180	0
905	-181	0
904	-182	0
904	-183	0
904	-184	0
903	-185	0
903	-186	0
903	-187	0
902	-188	0
902	-189	0
901	-190	0
901	-191	0
901	-192	0
900	-193	0
900	-194	0
900	-195	0
899	-196	0
899	-197	0
898	-198	0
898	-199	0
898	-200	0
897	-201	0
897	-202	0
897	-203	0
896	-204	0
896	-205	0
895	-206	0
895	-207	0
895	-208	0
894	-209	0
894	-210	0
894	-211	0
893	-212	0
893	-213	0
892	-214	0
892	-215	0
892	-216	0
891	-217	0
891	-218	0
891	-219	0
890	-220	0
890	-221	0
890	-222	0
889	-223	0
889	-224	0
888	-225	0
888	-226	0
888	-227	0
887	-228	0
887	-229	0
887	-230	0
886	-231	0
886	-232	0
885	-233	0
885	-234	0
885	-235	0
884	-236	0
884	-237	0
884	-238	0
883	-239	0
883	-240	0
882	-241	0
882	-242	0
882	-243	0
881	-244	0
881	-245	0
881	-246	0
880	-247	0
880	-248	0
879	-249	0
879	-250	0
879	-251	0
878	-252	0
878	-253	0
878	-254	0
877	-255	0
877	-256	0
876	-257	0
876	-258	0
876	-259	0
875	-260	0
875	-261	0
875	-262	0
874	-263	0
874	-264	0
873	-265	0
873	-266	0
873	-267	0
872	-268	0
872	-269	0
872	-270	0
871	-271	0
871	-272	0
870	-273	0
870	-274	0
870	-275	0
869	-276	0
869	-277	0
869	-278	0
868	-279	0
868	-280	0
867	-281	0
867	-282	0
867	-283	0
866	-284	0
866	-285	0
866	-286	0
865	-287	0
865	-288	0
864	-289	0
864	-290	0
864	-291	0
863	-292	0
863	-293	0
863	-294	0
862	-295	0
862	-296	0
861	-297	0
861	-298	0
861	-299	0
860	-300	0
860	-301	0
860	-302	0
859	-303	0
859	-304	0
858	-305	0
858	-306	0
858	-307	0
857	-308	0
857	-309	0
857	-310	0
856	-311	0
856	-312	0
855	-313	0
855	-314	0
855	-315	0
854	-316	0
854	-317	0
854	-318	0
853	-319	0
853	-320	0
852	-321	0
852	-322	0
852	-323	0
851	-324	0
851	-325	0
851	-326	0
850	-327	0
850	-328	0
849	-329	0
849	-330	0
849	-331	0
848	-332	0
848	-333	0
848	-334	0
847	-335	0
847	-336	0
846	-337	0
846	-338	0
846	-339	0
845	-340	0
845	-341	0
845	-342	0
844	-343	0
844	-344	0
843	-345	0
843	-346	0
843	-347	0
842	-348	0
842	-349	0
842	-350	0
841	-351	0
841	-352	0
840	-353	0
840	-354	0
840	-355	0
839	-356	0
839	-357	0
839	-358	0
838	-359	0
838	-360	0
837	-361	0
837	-362	0
837	-363	0
836	-364	0
836	-365	0
836	-366	0
835	-367	0
835	-368	0
835	-369	0
834	-370	0
834	-371	0
833	-372	0
833	-373	0
833	-374	0
832	-375	0
832	-376	0
832	-377	0
831	-378	0
831	-379	0
830	-380	0
830	-381	0
830	-382	0
829	-383	0
829	-384	0
829	-385	0
828	-386	0
828	-387	0
827	-388	0
827	-389	0
827	-390	0
826	-391	0
826	-392	0
826	-393	0
825	-394	0
825	-395	0
824	-396	0
824	-397	0
824	-398	0
823	-399	0
823	-400	0
823	-401	0
822	-402	0
822	-403	0
821	-404	0
821	-405	0
821	-406	0
820	-407	0
820	-408	0
820	-409	0
819	-410	0
819	-411	0
818	-412	0
818	-413	0
818	-414	0
817	-415	0
817	-416	0
817	-417	0
816	-418	0
816	-419	0
815	-420	0
815	-421	0
815	-422	0
814	-423	0
814	-424	0
814	-425	0
813	-426	0
813	-427	0
812	-428	0
812	-429	0
812	-430	0
811	-431	0
811	-432	0
811	-433	0
810	-434	0
810	-435	0
0	-933	0
0	-934	0
0	-935	0
0	-936	0
0	-937	0
0	-938	0
0	-939	0
0	-940	0
0	-941	0
0	-942	0
0	-943	0
0	-944	0
0	-945	0
0	-946	0
0	-947	0
0	-948	0
0	-949	0
0	-950	0
0	-951	0
0	-952	0
0	-953	0
0	-954	0
0	-955	0
0	-956	0
0	-957	0
0	-958	0
0	-959	0
0	-960	0
0	-961	0
0	-962	0
0	-963	0
0	-964	0
0	-965	0
0	-966	0
0	-967	0
0	-968	0
0	-969	0
0	-970	0
0	-971	0
0	-972	0
0	-973	0
0	-974	0
0	-975	0
0	-976	0
0	-977	0
0	-978	0
0	-979	0
0	-980	0
0	-981	0
0	-982	0
0	-983	0
0	-984	0
0	-985	0
0	-986	0
0	-987	0
0	-988	0
0	-989	0
0	-990	0
0	-991	0
0	-992	0
0	-993	0
0	-994	0
0	-995	0
0	-996	0
0	-997	0
0	-998	0
0	-999	0
0	-1000	0
0	-1001	0
0	-1002	0
0	-1003	0
0	-1004	0
0	-1005	0
0	-1006	0
0	-1007	0
0	-1008	0
0	-1009	0
0	-1010	0
0	-1011	0
0	-1012	0
0	-1013	0
0	-1014	0
0	-1015	0
0	-1016	0
0	-1017	0
0	-1018	0
0	-1019	0
0	-1020	0
0	-1021	0
0	-1022	0
0	-1023	0
0	-1024	0
0	-1025	0
0	-1026	0
0	-1027	0
0	-1028	0
0	-1029	0
0	-1030	0
0	-1031	0
0	-1032	0
0	-1033	0
0	-1034	0
0	-1035	0
0	-1036	0
0	-1037	0
0	-1038	0
0	-1039	0
0	-1040	0
0	-1041	0
0	-1042	0
0	-1043	0
0	-1044	0
0	-1045	0
0	-1046	0
0	-1047	0
0	-1048	0
0	-1049	0
0	-1050	0
0	-1051	0
0	-1052	0
0	-1053	0
0	-1054	0
0	-1055	0
0	-1056	0
0	-1057	0
0	-1058	0
0	-1059	0
0	-1060	0
0	-1061	0
0	-1062	0
0	-1063	0
0	-1064	0
0	-1065	0
0	-1066	0
0	-1067	0
0	-1068	0
0	-1069	0
0	-1070	0
0	-1071	0
0	-1072	0
0	-1073	0
0	-1074	0
0	-1075	0
0	-1076	0
0	-1077	0
0	-1078	0
0	-1079	0
0	-1080	0
452	-933	0
451	-934	0
450	-935	0
449	-936	0
447	-937	0
446	-938	0
445	-939	0
443	-940	0
442	-941	0
441	-942	0
440	-943	0
438	-944	0
437	-945	0
436	-946	0
434	-947	0
433	-948	0
432	-949	0
431	-950	0
429	-951	0
428	-952	0
427	-953	0
426	-954	0
424	-955	0
423	-956	0
422	-957	0
420	-958	0
419	-959	0
418	-960	0
417	-961	0
415	-962	0
414	-963	0
413	-964	0
411	-965	0
410	-966	0
409	-967	0
408	-968	0
406	-969	0
405	-970	0
404	-971	0
402	-972	0
401	-973	0
400	-974	0
399	-975	0
397	-976	0
396	-977	0
395	-978	0
394	-979	0
392	-980	0
391	-981	0
390	-982	0
388	-983	0
387	-984	0
386	-985	0
385	-986	0
383	-987	0
382	-988	0
381	-989	0
379	-990	0
378	-991	0
377	-992	0
376	-993	0
374	-994	0
373	-995	0
372	-996	0
371	-997	0
369	-998	0
368	-999	0
367	-1000	0
365	-1001	0
364	-1002	0
363	-1003	0
362	-1004	0
360	-1005	0
359	-1006	0
358	-1007	0
356	-1008	0
355	-1009	0
354	-1010	0
353	-1011	0
351	-1012	0
350	-1013	0
349	-1014	0
347	-1015	0
346	-1016	0
345	-1017	0
344	-1018	0
342	-1019	0
341	-1020	0
340	-1021	0
339	-1022	0
337	-1023	0
336	-1024	0
335	-1025	0
333	-1026	0
332	-1027	0
331	-1028	0
330	-1029	0
328	-1030	0
327	-1031	0
326	-1032	0
324	-1033	0
323	-1034	0
322	-1035	0
321	-1036	0
319	-1037	0
318	-1038	0
317	-1039	0
316	-1040	0
314	-1041	0
313	-1042	0
312	-1043	0
310	-1044	0
309	-1045	0
308	-1046	0
307	-1047	0
305	-1048	0
304	-1049	0
303	-1050	0
301	-1051	0
300	-1052	0
299	-1053	0
298	-1054	0
296	-1055	0
295	-1056	0
294	-1057	0
292	-1058	0
291	-1059	0
290	-1060	0
289	-1061	0
287	-1062	0
286	-1063	0
285	-1064	0
284	-1065	0
282	-1066	0
281	-1067	0
280	-1068	0
278	-1069	0
277	-1070	0
276	-1071	0
275	-1072	0
273	-1073	0
272	-1074	0
271	-1075	0
269	-1076	0
268	-1077	0
267	-1078	0
266	-1079	0
265	-1080	0
453	-933	0
454	-934	0
455	-935	0
457	-936	0
459	-937	0
460	-938	0
462	-939	0
464	-940	0
465	-941	0
467	-942	0
468	-943	0
470	-944	0
472	-945	0
473	-946	0
475	-947	0
476	-948	0
478	-949	0
480	-950	0
481	-951	0
483	-952	0
485	-953	0
486	-954	0
488	-955	0
489	-956	0
491	-957	0
493	-958	0
494	-959	0
496	-960	0
498	-961	0
499	-962	0
501	-963	0
502	-964	0
504	-965	0
506	-966	0
507	-967	0
509	-968	0
510	-969	0
512	-970	0
514	-971	0
515	-972	0
517	-973	0
519	-974	0
520	-975	0
522	-976	0
523	-977	0
525	-978	0
527	-979	0
528	-980	0
530	-981	0
532	-982	0
533	-983	0
535	-984	0
536	-985	0
538	-986	0
540	-987	0
541	-988	0
543	-989	0
544	-990	0
546	-991	0
548	-992	0
549	-993	0
551	-994	0
553	-995	0
554	-996	0
556	-997	0
557	-998	0
559	-999	0
561	-1000	0
562	-1001	0
564	-1002	0
566	-1003	0
567	-1004	0
569	-1005	0
570	-1006	0
572	-1007	0
574	-1008	0
575	-1009	0
577	-1010	0
578	-1011	0
580	-1012	0
582	-1013	0
583	-1014	0
585	-1015	0
587	-1016	0
588	-1017	0
590	-1018	0
591	-1019	0
593	-1020	0
595	-1021	0
596	-1022	0
598	-1023	0
600	-1024	0
601	-1025	0
603	-1026	0
604	-1027	0
606	-1028	0
608	-1029	0
609	-1030	0
611	-1031	0
612	-1032	0
614	-1033	0
616	-1034	0
617	-1035	0
619	-1036	0
621	-1037	0
622	-1038	0
624	-1039	0
625	-1040	0
627	-1041	0
629	-1042	0
630	-1043	0
632	-1044	0
634	-1045	0
635	-1046	0
637	-1047	0
638	-1048	0
640	-1049	0
642	-1050	0
643	-1051	0
645	-1052	0
646	-1053	0
648	-1054	0
650	-1055	0
651	-1056	0
653	-1057	0
655	-1058	0
656	-1059	0
658	-1060	0
659	-1061	0
661	-1062	0
663	-1063	0
664	-1064	0
666	-1065	0
668	-1066	0
669	-1067	0
671	-1068	0
672	-1069	0
674	-1070	0
676	-1071	0
677	-1072	0
679	-1073	0
680	-1074	0
682	-1075	0
684	-1076	0
685	-1077	0
687	-1078	0
689	-1079	0
690	-1080	0
960	-933	0
960	-934	0
960	-935	0
960	-936	0
960	-937	0
960	-938	0
960	-939	0
960	-940	0
960	-941	0
960	-942	0
960	-943	0
960	-944	0
960	-945	0
960	-946	0
960	-947	0
960	-948	0
960	-949	0
960	-950	0
960	-951	0
960	-952	0
960	-953	0
960	-954	0
960	-955	0
960	-956	0
960	-957	0
960	-958	0
960	-959	0
960	-960	0
960	-961	0
960	-962	0
960	-963	0
960	-964	0
960	-965	0
960	-966	0
960	-967	0
960	-968	0
960	-969	0
960	-970	0
960	-971	0
960	-972	0
960	-973	0
960	-974	0
960	-975	0
960	-976	0
960	-977	0
960	-978	0
960	-979	0
960	-980	0
960	-981	0
960	-982	0
960	-983	0
960	-984	0
960	-985	0
960	-986	0
960	-987	0
960	-988	0
960	-989	0
960	-990	0
960	-991	0
960	-992	0
960	-993	0
960	-994	0
960	-995	0
960	-996	0
960	-997	0
960	-998	0
960	-999	0
960	-1000	0
960	-1001	0
960	-1002	0
960	-1003	0
960	-1004	0
960	-1005	0
960	-1006	0
960	-1007	0
960	-1008	0
960	-1009	0
960	-1010	0
960	-1011	0
960	-1012	0
960	-1013	0
960	-1014	0
960	-1015	0
960	-1016	0
960	-1017	0
960	-1018	0
960	-1019	0
960	-1020	0
960	-1021	0
960	-1022	0
960	-1023	0
960	-1024	0
960	-1025	0
960	-1026	0
960	-1027	0
960	-1028	0
960	-1029	0
960	-1030	0
960	-1031	0
960	-1032	0
960	-1033	0
960	-1034	0
960	-1035	0
960	-1036	0
960	-1037	0
960	-1038	0
960	-1039	0
960	-1040	0
960	-1041	0
960	-1042	0
960	-1043	0
960	-1044	0
960	-1045	0
960	-1046	0
960	-1047	0
960	-1048	0
960	-1049	0
960	-1050	0
960	-1051	0
960	-1052	0
960	-1053	0
960	-1054	0
960	-1055	0
960	-1056	0
960	-1057	0
960	-1058	0
960	-1059	0
960	-1060	0
960	-1061	0
960	-1062	0
960	-1063	0
960	-1064	0
960	-1065	0
960	-1066	0
960	-1067	0
960	-1068	0
960	-1069	0
960	-1070	0
960	-1071	0
960	-1072	0
960	-1073	0
960	-1074	0
960	-1075	0
960	-1076	0
960	-1077	0
960	-1078	0
960	-1079	0
960	-1080	0
960	-933	0
961	-934	0
964	-935	0
967	-936	0
970	-937	0
973	-938	0
976	-939	0
979	-940	0
982	-941	0
985	-942	0
988	-943	0
990	-944	0
993	-945	0
996	-946	0
999	-947	0
1002	-948	0
1005	-949	0
1008	-950	0
1011	-951	0
1014	-952	0
1017	-953	0
1019	-954	0
1022	-955	0
1025	-956	0
1028	-957	0
1031	-958	0
1034	-959	0
1037	-960	0
1040	-961	0
1043	-962	0
1045	-963	0
1048	-964	0
1051	-965	0
1054	-966	0
1057	-967	0
1060	-968	0
1063	-969	0
1066	-970	0
1069	-971	0
1072	-972	0
1074	-973	0
1077	-974	0
1080	-975	0
1083	-976	0
1086	-977	0
1089	-978	0
1092	-979	0
1095	-980	0
1098	-981	0
1101	-982	0
1103	-983	0
1106	-984	0
1109	-985	0
1112	-986	0
1115	-987	0
1118	-988	0
1121	-989	0
1124	-990	0
1127	-991	0
1130	-992	0
1132	-993	0
1135	-994	0
1138	-995	0
1141	-996	0
1144	-997	0
1147	-998	0
1150	-999	0
1153	-1000	0
1156	-1001	0
1159	-1002	0
1161	-1003	0
1164	-1004	0
1167	-1005	0
1170	-1006	0
1173	-1007	0
1176	-1008	0
1179	-1009	0
1182	-1010	0
1185	-1011	0
1187	-1012	0
1190	-1013	0
1193	-1014	0
1196	-1015	0
1199	-1016	0
1202	-1017	0
1205	-1018	0
1208	-1019	0
1211	-1020	0
1214	-1021	0
1216	-1022	0
1219	-1023	0
1222	-1024	0
1225	-1025	0
1228	-1026	0
1231	-1027	0
1234	-1028	0
1237	-1029	0
1240	-1030	0
1243	-1031	0
1245	-1032	0
1248	-1033	0
1251	-1034	0
1254	-1035	0
1257	-1036	0
1260	-1037	0
1263	-1038	0
1266	-1039	0
1269	-1040	0
1272	-1041	0
1274	-1042	0
1277	-1043	0
1280	-1044	0
1283	-1045	0
1286	-1046	0
1289	-1047	0
1292	-1048	0
1295	-1049	0
1298	-1050	0
1301	-1051	0
1303	-1052	0
1306	-1053	0
1309	-1054	0
1312	-1055	0
1315	-1056	0
1318	-1057	0
1321	-1058	0
1324	-1059	0
1327	-1060	0
1329	-1061	0
1332	-1062	0
1335	-1063	0
1338	-1064	0
1341	-1065	0
1344	-1066	0
1347	-1067	0
1350	-1068	0
1353	-1069	0
1356	-1070	0
1358	-1071	0
1361	-1072	0
1364	-1073	0
1367	-1074	0
1370	-1075	0
1373	-1076	0
1376	-1077	0
1379	-1078	0
1382	-1079	0
1385	-1080	0
1467	-933	0
1468	-934	0
1469	-935	0
1470	-936	0
1471	-937	0
1473	-938	0
1474	-939	0
1475	-940	0
1477	-941	0
1478	-942	0
1479	-943	0
1480	-944	0
1482	-945	0
1483	-946	0
1484	-947	0
1486	-948	0
1487	-949	0
1488	-950	0
1489	-951	0
1491	-952	0
1492	-953	0
1493	-954	0
1494	-955	0
1496	-956	0
1497	-957	0
1498	-958	0
1500	-959	0
1501	-960	0
1502	-961	0
1503	-962	0
1505	-963	0
1506	-964	0
1507	-965	0
1509	-966	0
1510	-967	0
1511	-968	0
1512	-969	0
1514	-970	0
1515	-971	0
1516	-972	0
1518	-973	0
1519	-974	0
1520	-975	0
1521	-976	0
1523	-977	0
1524	-978	0
1525	-979	0
1526	-980	0
1528	-981	0
1529	-982	0
1530	-983	0
1532	-984	0
1533	-985	0
1534	-986	0
1535	-987	0
1537	-988	0
1538	-989	0
1539	-990	0
1541	-991	0
1542	-992	0
1543	-993	0
1544	-994	0
1546	-995	0
1547	-996	0
1548	-997	0
1549	-998	0
1551	-999	0
1552	-1000	0
1553	-1001	0
1555	-1002	0
1556	-1003	0
1557	-1004	0
1558	-1005	0
1560	-1006	0
1561	-1007	0
1562	-1008	0
1564	-1009	0
1565	-1010	0
1566	-1011	0
1567	-1012	0
1569	-1013	0
1570	-1014	0
1571	-1015	0
1573	-1016	0
1574	-1017	0
1575	-1018	0
1576	-1019	0
1578	-1020	0
1579	-1021	0
1580	-1022	0
1581	-1023	0
1583	-1024	0
1584	-1025	0
1585	-1026	0
1587	-1027	0
1588	-1028	0
1589	-1029	0
1590	-1030	0
1592	-1031	0
1593	-1032	0
1594	-1033	0
1596	-1034	0
1597	-1035	0
1598	-1036	0
1599	-1037	0
1601	-1038	0
1602	-1039	0
1603	-1040	0
1604	-1041	0
1606	-1042	0
1607	-1043	0
1608	-1044	0
1610	-1045	0
1611	-1046	0
1612	-1047	0
1613	-1048	0
1615	-1049	0
1616	-1050	0
1617	-1051	0
1619	-1052	0
1620	-1053	0
1621	-1054	0
1622	-1055	0
1624	-1056	0
1625	-1057	0
1626	-1058	0
1628	-1059	0
1629	-1060	0
1630	-1061	0
1631	-1062	0
1633	-1063	0
1634	-1064	0
1635	-1065	0
1636	-1066	0
1638	-1067	0
1639	-1068	0
1640	-1069	0
1642	-1070	0
1643	-1071	0
1644	-1072	0
1645	-1073	0
1647	-1074	0
1648	-1075	0
1649	-1076	0
1651	-1077	0
1652	-1078	0
1653	-1079	0
1654	-1080	0
1467	-933	0
1469	-934	0
1473	-935	0
1477	-936	0
1482	-937	0
1486	-938	0
1490	-939	0
1494	-940	0
1498	-941	0
1503	-942	0
1507	-943	0
1511	-944	0
1515	-945	0
1519	-946	0
1524	-947	0
1528	-948	0
1532	-949	0
1536	-950	0
1540	-951	0
1545	-952	0
1549	-953	0
1553	-954	0
1557	-955	0
1561	-956	0
1566	-957	0
1570	-958	0
1574	-959	0
1578	-960	0
1582	-961	0
1587	-962	0
1591	-963	0
1595	-964	0
1599	-965	0
1603	-966	0
1608	-967	0
1612	-968	0
1616	-969	0
1620	-970	0
1624	-971	0
1628	-972	0
1633	-973	0
1637	-974	0
1641	-975	0
1645	-976	0
1649	-977	0
1654	-978	0
1658	-979	0
1662	-980	0
1666	-981	0
1670	-982	0
1675	-983	0
1679	-984	0
1683	-985	0
1687	-986	0
1691	-987	0
1696	-988	0
1700	-989	0
1704	-990	0
1708	-991	0
1712	-992	0
1717	-993	0
1721	-994	0
1725	-995	0
1729	-996	0
1733	-997	0
1738	-998	0
1742	-999	0
1746	-1000	0
1750	-1001	0
1754	-1002	0
1759	-1003	0
1763	-1004	0
1767	-1005	0
1771	-1006	0
1775	-1007	0
1779	-1008	0
1784	-1009	0
1788	-1010	0
1792	-1011	0
1796	-1012	0
1800	-1013	0
1805	-1014	0
1809	-1015	0
1813	-1016	0
1817	-1017	0
1821	-1018	0
1826	-1019	0
1830	-1020	0
1834	-1021	0
1838	-1022	0
1842	-1023	0
1847	-1024	0
1851	-1025	0
1855	-1026	0
1859	-1027	0
1863	-1028	0
1868	-1029	0
1872	-1030	0
1876	-1031	0
1880	-1032	0
1884	-1033	0
1889	-1034	0
1893	-1035	0
1897	-1036	0
1901	-1037	0
1905	-1038	0
1910	-1039	0
1914	-1040	0
1918	-1041	0
0	-813	0
0	-814	0
0	-815	0
0	-816	0
0	-817	0
0	-818	0
0	-819	0
0	-820	0
0	-821	0
0	-822	0
0	-823	0
0	-824	0
0	-825	0
0	-826	0
0	-827	0
0	-828	0
0	-829	0
0	-830	0
0	-831	0
0	-832	0
0	-833	0
0	-834	0
0	-835	0
0	-836	0
0	-837	0
0	-838	0
0	-839	0
0	-840	0
0	-841	0
0	-842	0
0	-843	0
0	-844	0
0	-845	0
0	-846	0
0	-847	0
0	-848	0
0	-849	0
0	-850	0
0	-851	0
0	-852	0
0	-853	0
0	-854	0
0	-855	0
0	-856	0
0	-857	0
0	-858	0
0	-859	0
0	-860	0
0	-861	0
0	-862	0
0	-863	0
0	-864	0
0	-865	0
0	-866	0
0	-867	0
0	-868	0
0	-869	0
0	-870	0
0	-871	0
0	-872	0
0	-873	0
0	-874	0
0	-875	0
0	-876	0
0	-877	0
0	-878	0
0	-879	0
0	-880	0
0	-881	0
0	-882	0
0	-883	0
0	-884	0
0	-885	0
0	-886	0
0	-887	0
0	-888	0
0	-889	0
0	-890	0
0	-891	0
0	-892	0
0	-893	0
0	-894	0
0	-895	0
0	-896	0
0	-897	0
0	-898	0
0	-899	0
0	-900	0
0	-901	0
0	-902	0
0	-903	0
0	-904	0
0	-905	0
0	-906	0
0	-907	0
0	-908	0
0	-909	0
0	-910	0
0	-911	0
0	-912	0
0	-913	0
257	-813	0
254	-814	0
252	-815	0
249	-816	0
246	-817	0
244	-818	0
241	-819	0
239	-820	0
236	-821	0
233	-822	0
231	-823	0
228	-824	0
226	-825	0
223	-826	0
221	-827	0
218	-828	0
215	-829	0
213	-830	0
210	-831	0
208	-832	0
205	-833	0
203	-834	0
200	-835	0
197	-836	0
195	-837	0
192	-838	0
190	-839	0
187	-840	0
184	-841	0
182	-842	0
179	-843	0
177	-844	0
174	-845	0
172	-846	0
169	-847	0
166	-848	0
164	-849	0
161	-850	0
159	-851	0
156	-852	0
154	-853	0
151	-854	0
148	-855	0
146	-856	0
143	-857	0
141	-858	0
138	-859	0
135	-860	0
133	-861	0
130	-862	0
128	-863	0
125	-864	0
123	-865	0
120	-866	0
117	-867	0
115	-868	0
112	-869	0
110	-870	0
107	-871	0
104	-872	0
102	-873	0
99	-874	0
97	-875	0
94	-876	0
92	-877	0
89	-878	0
86	-879	0
84	-880	0
81	-881	0
79	-882	0
76	-883	0
74	-884	0
71	-885	0
68	-886	0
66	-887	0
63	-888	0
61	-889	0
58	-890	0
55	-891	0
53	-892	0
50	-893	0
48	-894	0
45	-895	0
43	-896	0
40	-897	0
37	-898	0
35	-899	0
32	-900	0
30	-901	0
27	-902	0
25	-903	0
22	-904	0
19	-905	0
17	-906	0
14	-907	0
12	-908	0
9	-909	0
6	-910	0
4	-911	0
1	-912	0
0	-913	0
0	-914	0
0	-915	0
0	-916	0
0	-917	0
0	-918	0
0	-919	0
0	-920	0
0	-921	0
0	-922	0
0	-923	0
0	-924	0
0	-925	0
0	-926	0
0	-927	0
0	-928	0
0	-929	0
0	-930	0
0	-931	0
0	-932	0
0	-933	0
258	-813	0
259	-814	0
260	-815	0
262	-816	0
264	-817	0
265	-818	0
267	-819	0
269	-820	0
270	-821	0
272	-822	0
273	-823	0
275	-824	0
277	-825	0
278	-826	0
280	-827	0
282	-828	0
283	-829	0
285	-830	0
286	-831	0
288	-832	0
290	-833	0
291	-834	0
293	-835	0
295	-836	0
296	-837	0
298	-838	0
299	-839	0
301	-840	0
303	-841	0
304	-842	0
306	-843	0
308	-844	0
309	-845	0
311	-846	0
312	-847	0
314	-848	0
316	-849	0
317	-850	0
319	-851	0
321	-852	0
322	-853	0
324	-854	0
325	-855	0
327	-856	0
329	-857	0
330	-858	0
332	-859	0
334	-860	0
335	-861	0
337	-862	0
338	-863	0
340	-864	0
342	-865	0
343	-866	0
345	-867	0
347	-868	0
348	-869	0
350	-870	0
351	-871	0
353	-872	0
355	-873	0
356	-874	0
358	-875	0
360	-876	0
361	-877	0
363	-878	0
364	-879	0
366	-880	0
368	-881	0
369	-882	0
371	-883	0
373	-884	0
374	-885	0
376	-886	0
377	-887	0
379	-888	0
381	-889	0
382	-890	0
384	-891	0
386	-892	0
387	-893	0
389	-894	0
390	-895	0
392	-896	0
394	-897	0
395	-898	0
397	-899	0
399	-900	0
400	-901	0
402	-902	0
403	-903	0
405	-904	0
407	-905	0
408	-906	0
410	-907	0
412	-908	0
413	-909	0
415	-910	0
416	-911	0
418	-912	0
420	-913	0
421	-914	0
423	-915	0
425	-916	0
426	-917	0
428	-918	0
429	-919	0
431	-920	0
433	-921	0
434	-922	0
436	-923	0
438	-924	0
439	-925	0
441	-926	0
442	-927	0
444	-928	0
446	-929	0
447	-930	0
449	-931	0
451	-932	0
452	-933	0
608	-813	0
607	-814	0
606	-815	0
604	-816	0
603	-817	0
602	-818	0
601	-819	0
599	-820	0
598	-821	0
597	-822	0
595	-823	0
594	-824	0
593	-825	0
591	-826	0
590	-827	0
589	-828	0
588	-829	0
586	-830	0
585	-831	0
584	-832	0
582	-833	0
581	-834	0
580	-835	0
578	-836	0
577	-837	0
576	-838	0
575	-839	0
573	-840	0
572	-841	0
571	-842	0
569	-843	0
568	-844	0
567	-845	0
565	-846	0
564	-847	0
563	-848	0
562	-849	0
560	-850	0
559	-851	0
558	-852	0
556	-853	0
555	-854	0
554	-855	0
552	-856	0
551	-857	0
550	-858	0
549	-859	0
547	-860	0
546	-861	0
545	-862	0
543	-863	0
542	-864	0
541	-865	0
539	-866	0
538	-867	0
537	-868	0
536	-869	0
534	-870	0
533	-871	0
532	-872	0
530	-873	0
529	-874	0
528	-875	0
526	-876	0
525	-877	0
524	-878	0
523	-879	0
521	-880	0
520	-881	0
519	-882	0
517	-883	0
516	-884	0
515	-885	0
513	-886	0
512	-887	0
511	-888	0
510	-889	0
508	-890	0
507	-891	0
506	-892	0
504	-893	0
503	-894	0
502	-895	0
500	-896	0
499	-897	0
498	-898	0
497	-899	0
495	-900	0
494	-901	0
493	-902	0
491	-903	0
490	-904	0
489	-905	0
487	-906	0
486	-907	0
485	-908	0
484	-909	0
482	-910	0
481	-911	0
480	-912	0
478	-913	0
477	-914	0
476	-915	0
474	-916	0
473	-917	0
472	-918	0
471	-919	0
469	-920	0
468	-921	0
467	-922	0
465	-923	0
464	-924	0
463	-925	0
461	-926	0
460	-927	0
459	-928	0
458	-929	0
456	-930	0
455	-931	0
454	-932	0
453	-933	0
609	-813	0
610	-814	0
613	-815	0
616	-816	0
619	-817	0
622	-818	0
625	-819	0
628	-820	0
631	-821	0
634	-822	0
637	-823	0
640	-824	0
643	-825	0
646	-826	0
648	-827	0
651	-828	0
654	-829	0
657	-830	0
660	-831	0
663	-832	0
666	-833	0
669	-834	0
672	-835	0
675	-836	0
678	-837	0
681	-838	0
684	-839	0
687	-840	0
689	-841	0
692	-842	0
695	-843	0
698	-844	0
701	-845	0
704	-846	0
707	-847	0
710	-848	0
713	-849	0
716	-850	0
719	-851	0
722	-852	0
725	-853	0
727	-854	0
730	-855	0
733	-856	0
736	-857	0
739	-858	0
742	-859	0
745	-860	0
748	-861	0
751	-862	0
754	-863	0
757	-864	0
760	-865	0
763	-866	0
765	-867	0
768	-868	0
771	-869	0
774	-870	0
777	-871	0
780	-872	0
783	-873	0
786	-874	0
789	-875	0
792	-876	0
795	-877	0
798	-878	0
801	-879	0
804	-880	0
806	-881	0
809	-882	0
812	-883	0
815	-884	0
818	-885	0
821	-886	0
824	-887	0
827	-888	0
830	-889	0
833	-890	0
836	-891	0
839	-892	0
842	-893	0
844	-894	0
847	-895	0
850	-896	0
853	-897	0
856	-898	0
859	-899	0
862	-900	0
865	-901	0
868	-902	0
871	-903	0
874	-904	0
877	-905	0
880	-906	0
882	-907	0
885	-908	0
888	-909	0
891	-910	0
894	-911	0
897	-912	0
900	-913	0
903	-914	0
906	-915	0
909	-916	0
912	-917	0
915	-918	0
918	-919	0
921	-920	0
923	-921	0
926	-922	0
929	-923	0
932	-924	0
935	-925	0
938	-926	0
941	-927	0
944	-928	0
947	-929	0
950	-930	0
953	-931	0
956	-932	0
959	-933	0
960	-813	0
960	-814	0
960	-815	0
960	-816	0
960	-817	0
960	-818	0
960	-819	0
960	-820	0
960	-821	0
960	-822	0
960	-823	0
960	-824	0
960	-825	0
960	-826	0
960	-827	0
960	-828	0
960	-829	0
960	-830	0
960	-831	0
960	-832	0
960	-833	0
960	-834	0
960	-835	0
960	-836	0
960	-837	0
960	-838	0
960	-839	0
960	-840	0
960	-841	0
960	-842	0
960	-843	0
960	-844	0
960	-845	0
960	-846	0
960	-847	0
960	-848	0
960	-849	0
960	-850	0
960	-851	0
960	-852	0
960	-853	0
960	-854	0
960	-855	0
960	-856	0
960	-857	0
960	-858	0
960	-859	0
960	-860	0
960	-861	0
960	-862	0
960	-863	0
960	-864	0
960	-865	0
960	-866	0
960	-867	0
960	-868	0
960	-869	0
960	-870	0
960	-871	0
960	-872	0
960	-873	0
960	-874	0
960	-875	0
960	-876	0
960	-877	0
960	-878	0
960	-879	0
960	-880	0
960	-881	0
960	-882	0
960	-883	0
960	-884	0
960	-885	0
960	-886	0
960	-887	0
960	-888	0
960	-889	0
960	-890	0
960	-891	0
960	-892	0
960	-893	0
960	-894	0
960	-895	0
960	-896	0
960	-897	0
960	-898	0
960	-899	0
960	-900	0
960	-901	0
960	-902	0
960	-903	0
960	-904	0
960	-905	0
960	-906	0
960	-907	0
960	-908	0
960	-909	0
960	-910	0
960	-911	0
960	-912	0
960	-913	0
960	-914	0
960	-915	0
960	-916	0
960	-917	0
960	-918	0
960	-919	0
960	-920	0
960	-921	0
960	-922	0
960	-923	0
960	-924	0
960	-925	0
960	-926	0
960	-927	0
960	-928	0
960	-929	0
960	-930	0
960	-931	0
960	-932	0
960	-933	0
960	-813	0
962	-814	0
966	-815	0
971	-816	0
975	-817	0
979	-818	0
983	-819	0
987	-820	0
992	-821	0
996	-822	0
1000	-823	0
1004	-824	0
1009	-825	0
1013	-826	0
1017	-827	0
1021	-828	0
1025	-829	0
1030	-830	0
1034	-831	0
1038	-832	0
1042	-833	0
1047	-834	0
1051	-835	0
1055	-836	0
1059	-837	0
1064	-838	0
1068	-839	0
1072	-840	0
1076	-841	0
1080	-842	0
1085	-843	0
1089	-844	0
1093	-845	0
1097	-846	0
1102	-847	0
1106	-848	0
1110	-849	0
1114	-850	0
1118	-851	0
1123	-852	0
1127	-853	0
1131	-854	0
1135	-855	0
1140	-856	0
1144	-857	0
1148	-858	0
1152	-859	0
1156	-860	0
1161	-861	0
1165	-862	0
1169	-863	0
1173	-864	0
1178	-865	0
1182	-866	0
1186	-867	0
1190	-868	0
1194	-869	0
1199	-870	0
1203	-871	0
1207	-872	0
1211	-873	0
1216	-874	0
1220	-875	0
1224	-876	0
1228	-877	0
1233	-878	0
1237	-879	0
1241	-880	0
1245	-881	0
1249	-882	0
1254	-883	0
1258	-884	0
1262	-885	0
1266	-886	0
1271	-887	0
1275	-888	0
1279	-889	0
1283	-890	0
1287	-891	0
1292	-892	0
1296	-893	0
1300	-894	0
1304	-895	0
1309	-896	0
1313	-897	0
1317	-898	0
1321	-899	0
1325	-900	0
1330	-901	0
1334	-902	0
1338	-903	0
1342	-904	0
1347	-905	0
1351	-906	0
1355	-907	0
1359	-908	0
1363	-909	0
1368	-910	0
1372	-911	0
1376	-912	0
1380	-913	0
1385	-914	0
1389	-915	0
1393	-916	0
1397	-917	0
1402	-918	0
1406	-919	0
1410	-920	0
1414	-921	0
1418	-922	0
1423	-923	0
1427	-924	0
1431	-925	0
1435	-926	0
1440	-927	0
1444	-928	0
1448	-929	0
1452	-930	0
1456	-931	0
1461	-932	0
1465	-933	0
1311	-813	0
1312	-814	0
1313	-815	0
1314	-816	0
1316	-817	0
1317	-818	0
1318	-819	0
1319	-820	0
1321	-821	0
1322	-822	0
1323	-823	0
1325	-824	0
1326	-825	0
1327	-826	0
1329	-827	0
1330	-828	0
1331	-829	0
1332	-830	0
1334	-831	0
1335	-832	0
1336	-833	0
1338	-834	0
1339	-835	0
1340	-836	0
1342	-837	0
1343	-838	0
1344	-839	0
1345	-840	0
1347	-841	0
1348	-842	0
1349	-843	0
1351	-844	0
1352	-845	0
1353	-846	0
1355	-847	0
1356	-848	0
1357	-849	0
1358	-850	0
1360	-851	0
1361	-852	0
1362	-853	0
1364	-854	0
1365	-855	0
1366	-856	0
1368	-857	0
1369	-858	0
1370	-859	0
1371	-860	0
1373	-861	0
1374	-862	0
1375	-863	0
1377	-864	0
1378	-865	0
1379	-866	0
1381	-867	0
1382	-868	0
1383	-869	0
1384	-870	0
1386	-871	0
1387	-872	0
1388	-873	0
1390	-874	0
1391	-875	0
1392	-876	0
1394	-877	0
1395	-878	0
1396	-879	0
1397	-880	0
1399	-881	0
1400	-882	0
1401	-883	0
1403	-884	0
1404	-885	0
1405	-886	0
1407	-887	0
1408	-888	0
1409	-889	0
1410	-890	0
1412	-891	0
1413	-892	0
1414	-893	0
1416	-894	0
1417	-895	0
1418	-896	0
1420	-897	0
1421	-898	0
1422	-899	0
1423	-900	0
1425	-901	0
1426	-902	0
1427	-903	0
1429	-904	0
1430	-905	0
1431	-906	0
1433	-907	0
1434	-908	0
1435	-909	0
1436	-910	0
1438	-911	0
1439	-912	0
1440	-913	0
1442	-914	0
1443	-915	0
1444	-916	0
1446	-917	0
1447	-918	0
1448	-919	0
1449	-920	0
1451	-921	0
1452	-922	0
1453	-923	0
1455	-924	0
1456	-925	0
1457	-926	0
1459	-927	0
1460	-928	0
1461	-929	0
1462	-930	0
1464	-931	0
1465	-932	0
1466	-933	0
1311	-813	0
1314	-814	0
1319	-815	0
1325	-816	0
1330	-817	0
1336	-818	0
1341	-819	0
1347	-820	0
1352	-821	0
1358	-822	0
1363	-823	0
1369	-824	0
1374	-825	0
1380	-826	0
1385	-827	0
1391	-828	0
1396	-829	0
1402	-830	0
1407	-831	0
1413	-832	0
1418	-833	0
1423	-834	0
1429	-835	0
1434	-836	0
1440	-837	0
1445	-838	0
1451	-839	0
1456	-840	0
1462	-841	0
1467	-842	0
1473	-843	0
1478	-844	0
1484	-845	0
1489	-846	0
1495	-847	0
1500	-848	0
1506	-849	0
1511	-850	0
1517	-851	0
1522	-852	0
1528	-853	0
1533	-854	0
1539	-855	0
1544	-856	0
1550	-857	0
1555	-858	0
1561	-859	0
1566	-860	0
1572	-861	0
1577	-862	0
1583	-863	0
1588	-864	0
1594	-865	0
1599	-866	0
1605	-867	0
1610	-868	0
1616	-869	0
1621	-870	0
1626	-871	0
1632	-872	0
1637	-873	0
1643	-874	0
1648	-875	0
1654	-876	0
1659	-877	0
1665	-878	0
1670	-879	0
1676	-880	0
1681	-881	0
1687	-882	0
1692	-883	0
1698	-884	0
1703	-885	0
1709	-886	0
1714	-887	0
1720	-888	0
1725	-889	0
1731	-890	0
1736	-891	0
1742	-892	0
1747	-893	0
1753	-894	0
1758	-895	0
1764	-896	0
1769	-897	0
1775	-898	0
1780	-899	0
1786	-900	0
1791	-901	0
1797	-902	0
1802	-903	0
1808	-904	0
1813	-905	0
1819	-906	0
1824	-907	0
1829	-908	0
1835	-909	0
1840	-910	0
1846	-911	0
1851	-912	0
1857	-913	0
1862	-914	0
1868	-915	0
1873	-916	0
1879	-917	0
1884	-918	0
1890	-919	0
1895	-920	0
1901	-921	0
1906	-922	0
1912	-923	0
1917	-924	0
1662	-813	0
1663	-814	0
1666	-815	0
1668	-816	0
1671	-817	0
1674	-818	0
1676	-819	0
1679	-820	0
1681	-821	0
1684	-822	0
1687	-823	0
1689	-824	0
1692	-825	0
1694	-826	0
1697	-827	0
1699	-828	0
1702	-829	0
1705	-830	0
1707	-831	0
1710	-832	0
1712	-833	0
1715	-834	0
1717	-835	0
1720	-836	0
1723	-837	0
1725	-838	0
1728	-839	0
1730	-840	0
1733	-841	0
1736	-842	0
1738	-843	0
1741	-844	0
1743	-845	0
1746	-846	0
1748	-847	0
1751	-848	0
1754	-849	0
1756	-850	0
1759	-851	0
1761	-852	0
1764	-853	0
1766	-854	0
1769	-855	0
1772	-856	0
1774	-857	0
1777	-858	0
1779	-859	0
1782	-860	0
1785	-861	0
1787	-862	0
1790	-863	0
1792	-864	0
1795	-865	0
1797	-866	0
1800	-867	0
1803	-868	0
1805	-869	0
1808	-870	0
1810	-871	0
1813	-872	0
1816	-873	0
1818	-874	0
1821	-875	0
1823	-876	0
1826	-877	0
1828	-878	0
1831	-879	0
1834	-880	0
1836	-881	0
1839	-882	0
1841	-883	0
1844	-884	0
1846	-885	0
1849	-886	0
1852	-887	0
1854	-888	0
1857	-889	0
1859	-890	0
1862	-891	0
1865	-892	0
1867	-893	0
1870	-894	0
1872	-895	0
1875	-896	0
1877	-897	0
1880	-898	0
1883	-899	0
1885	-900	0
1888	-901	0
1890	-902	0
1893	-903	0
1895	-904	0
1898	-905	0
1901	-906	0
1903	-907	0
1906	-908	0
1908	-909	0
1911	-910	0
1914	-911	0
1916	-912	0
1919	-913	0
1662	-813	0
1665	-814	0
1672	-815	0
1679	-816	0
1686	-817	0
1693	-818	0
1699	-819	0
1706	-820	0
1713	-821	0
1720	-822	0
1726	-823	0
1733	-824	0
1740	-825	0
1747	-826	0
1754	-827	0
1760	-828	0
1767	-829	0
1774	-830	0
1781	-831	0
1788	-832	0
1794	-833	0
1801	-834	0
1808	-835	0
1815	-836	0
1822	-837	0
1828	-838	0
1835	-839	0
1842	-840	0
1849	-841	0
1855	-842	0
1862	-843	0
1869	-844	0
1876	-845	0
1883	-846	0
1889	-847	0
1896	-848	0
1903	-849	0
1910	-850	0
1917	-851	0
0	-749	0
0	-750	0
0	-751	0
0	-752	0
0	-753	0
0	-754	0
0	-755	0
0	-756	0
0	-757	0
0	-758	0
0	-759	0
0	-760	0
0	-761	0
0	-762	0
0	-763	0
0	-764	0
0	-765	0
0	-766	0
0	-767	0
0	-768	0
0	-769	0
0	-770	0
0	-771	0
0	-772	0
0	-773	0
0	-774	0
0	-775	0
0	-776	0
0	-777	0
0	-778	0
0	-779	0
0	-780	0
0	-781	0
0	-782	0
0	-783	0
0	-784	0
0	-785	0
0	-786	0
0	-787	0
0	-788	0
152	-749	0
148	-750	0
144	-751	0
140	-752	0
136	-753	0
132	-754	0
128	-755	0
124	-756	0
120	-757	0
116	-758	0
113	-759	0
109	-760	0
105	-761	0
101	-762	0
97	-763	0
93	-764	0
89	-765	0
85	-766	0
81	-767	0
77	-768	0
73	-769	0
69	-770	0
65	-771	0
61	-772	0
57	-773	0
53	-774	0
49	-775	0
45	-776	0
41	-777	0
38	-778	0
34	-779	0
30	-780	0
26	-781	0
22	-782	0
18	-783	0
14	-784	0
10	-785	0
6	-786	0
2	-787	0
0	-788	0
0	-789	0
0	-790	0
0	-791	0
0	-792	0
0	-793	0
0	-794	0
0	-795	0
0	-796	0
0	-797	0
0	-798	0
0	-799	0
0	-800	0
0	-801	0
0	-802	0
0	-803	0
0	-804	0
0	-805	0
0	-806	0
0	-807	0
0	-808	0
0	-809	0
0	-810	0
0	-811	0
0	-812	0
0	-813	0
154	-749	0
155	-750	0
156	-751	0
158	-752	0
160	-753	0
161	-754	0
163	-755	0
165	-756	0
166	-757	0
168	-758	0
169	-759	0
171	-760	0
173	-761	0
174	-762	0
176	-763	0
178	-764	0
179	-765	0
181	-766	0
182	-767	0
184	-768	0
186	-769	0
187	-770	0
189	-771	0
191	-772	0
192	-773	0
194	-774	0
195	-775	0
197	-776	0
199	-777	0
200	-778	0
202	-779	0
204	-780	0
205	-781	0
207	-782	0
208	-783	0
210	-784	0
212	-785	0
213	-786	0
215	-787	0
217	-788	0
218	-789	0
220	-790	0
221	-791	0
223	-792	0
225	-793	0
226	-794	0
228	-795	0
230	-796	0
231	-797	0
233	-798	0
234	-799	0
236	-800	0
238	-801	0
239	-802	0
241	-803	0
243	-804	0
244	-805	0
246	-806	0
247	-807	0
249	-808	0
251	-809	0
252	-810	0
254	-811	0
256	-812	0
257	-813	0
422	-749	0
419	-750	0
417	-751	0
414	-752	0
411	-753	0
409	-754	0
406	-755	0
404	-756	0
401	-757	0
399	-758	0
396	-759	0
393	-760	0
391	-761	0
388	-762	0
386	-763	0
383	-764	0
380	-765	0
378	-766	0
375	-767	0
373	-768	0
370	-769	0
368	-770	0
365	-771	0
362	-772	0
360	-773	0
357	-774	0
355	-775	0
352	-776	0
350	-777	0
347	-778	0
344	-779	0
342	-780	0
339	-781	0
337	-782	0
334	-783	0
331	-784	0
329	-785	0
326	-786	0
324	-787	0
321	-788	0
319	-789	0
316	-790	0
313	-791	0
311	-792	0
308	-793	0
306	-794	0
303	-795	0
301	-796	0
298	-797	0
295	-798	0
293	-799	0
290	-800	0
288	-801	0
285	-802	0
282	-803	0
280	-804	0
277	-805	0
275	-806	0
272	-807	0
270	-808	0
267	-809	0
264	-810	0
262	-811	0
259	-812	0
258	-813	0
423	-749	0
424	-750	0
427	-751	0
430	-752	0
433	-753	0
436	-754	0
439	-755	0
442	-756	0
445	-757	0
448	-758	0
451	-759	0
454	-760	0
456	-761	0
459	-762	0
462	-763	0
465	-764	0
468	-765	0
471	-766	0
474	-767	0
477	-768	0
480	-769	0
483	-770	0
485	-771	0
488	-772	0
491	-773	0
494	-774	0
497	-775	0
500	-776	0
503	-777	0
506	-778	0
509	-779	0
512	-780	0
515	-781	0
517	-782	0
520	-783	0
523	-784	0
526	-785	0
529	-786	0
532	-787	0
535	-788	0
538	-789	0
541	-790	0
544	-791	0
547	-792	0
549	-793	0
552	-794	0
555	-795	0
558	-796	0
561	-797	0
564	-798	0
567	-799	0
570	-800	0
573	-801	0
576	-802	0
578	-803	0
581	-804	0
584	-805	0
587	-806	0
590	-807	0
593	-808	0
596	-809	0
599	-810	0
602	-811	0
605	-812	0
608	-813	0
690	-749	0
689	-750	0
688	-751	0
687	-752	0
685	-753	0
684	-754	0
683	-755	0
681	-756	0
680	-757	0
679	-758	0
678	-759	0
676	-760	0
675	-761	0
674	-762	0
672	-763	0
671	-764	0
670	-765	0
669	-766	0
667	-767	0
666	-768	0
665	-769	0
663	-770	0
662	-771	0
661	-772	0
660	-773	0
658	-774	0
657	-775	0
656	-776	0
654	-777	0
653	-778	0
652	-779	0
651	-780	0
649	-781	0
648	-782	0
647	-783	0
646	-784	0
644	-785	0
643	-786	0
642	-787	0
640	-788	0
639	-789	0
638	-790	0
637	-791	0
635	-792	0
634	-793	0
633	-794	0
631	-795	0
630	-796	0
629	-797	0
628	-798	0
626	-799	0
625	-800	0
624	-801	0
622	-802	0
621	-803	0
620	-804	0
619	-805	0
617	-806	0
616	-807	0
615	-808	0
613	-809	0
612	-810	0
611	-811	0
610	-812	0
609	-813	0
691	-749	0
693	-750	0
697	-751	0
702	-752	0
706	-753	0
710	-754	0
714	-755	0
718	-756	0
723	-757	0
727	-758	0
731	-759	0
735	-760	0
739	-761	0
744	-762	0
748	-763	0
752	-764	0
756	-765	0
760	-766	0
765	-767	0
769	-768	0
773	-769	0
777	-770	0
781	-771	0
786	-772	0
790	-773	0
794	-774	0
798	-775	0
802	-776	0
807	-777	0
811	-778	0
815	-779	0
819	-780	0
823	-781	0
828	-782	0
832	-783	0
836	-784	0
840	-785	0
844	-786	0
849	-787	0
853	-788	0
857	-789	0
861	-790	0
865	-791	0
870	-792	0
874	-793	0
878	-794	0
882	-795	0
886	-796	0
891	-797	0
895	-798	0
899	-799	0
903	-800	0
907	-801	0
912	-802	0
916	-803	0
920	-804	0
924	-805	0
928	-806	0
933	-807	0
937	-808	0
941	-809	0
945	-810	0
949	-811	0
954	-812	0
958	-813	0
960	-749	0
960	-750	0
960	-751	0
960	-752	0
960	-753	0
960	-754	0
960	-755	0
960	-756	0
960	-757	0
960	-758	0
960	-759	0
960	-760	0
960	-761	0
960	-762	0
960	-763	0
960	-764	0
960	-765	0
960	-766	0
960	-767	0
960	-768	0
960	-769	0
960	-770	0
960	-771	0
960	-772	0
960	-773	0
960	-774	0
960	-775	0
960	-776	0
960	-777	0
960	-778	0
960	-779	0
960	-780	0
960	-781	0
960	-782	0
960	-783	0
960	-784	0
960	-785	0
960	-786	0
960	-787	0
960	-788	0
960	-789	0
960	-790	0
960	-791	0
960	-792	0
960	-793	0
960	-794	0
960	-795	0
960	-796	0
960	-797	0
960	-798	0
960	-799	0
960	-800	0
960	-801	0
960	-802	0
960	-803	0
960	-804	0
960	-805	0
960	-806	0
960	-807	0
960	-808	0
960	-809	0
960	-810	0
960	-811	0
960	-812	0
960	-813	0
960	-749	0
963	-750	0
968	-751	0
974	-752	0
979	-753	0
985	-754	0
990	-755	0
996	-756	0
1001	-757	0
1007	-758	0
1012	-759	0
1018	-760	0
1023	-761	0
1029	-762	0
1034	-763	0
1040	-764	0
1045	-765	0
1050	-766	0
1056	-767	0
1061	-768	0
1067	-769	0
1072	-770	0
1078	-771	0
1083	-772	0
1089	-773	0
1094	-774	0
1100	-775	0
1105	-776	0
1111	-777	0
1116	-778	0
1122	-779	0
1127	-780	0
1133	-781	0
1138	-782	0
1144	-783	0
1149	-784	0
1155	-785	0
1160	-786	0
1166	-787	0
1171	-788	0
1177	-789	0
1182	-790	0
1188	-791	0
1193	-792	0
1199	-793	0
1204	-794	0
1210	-795	0
1215	-796	0
1221	-797	0
1226	-798	0
1231	-799	0
1237	-800	0
1242	-801	0
1248	-802	0
1253	-803	0
1259	-804	0
1264	-805	0
1270	-806	0
1275	-807	0
1281	-808	0
1286	-809	0
1292	-810	0
1297	-811	0
1303	-812	0
1308	-813	0
1229	-749	0
1230	-750	0
1231	-751	0
1232	-752	0
1233	-753	0
1235	-754	0
1236	-755	0
1237	-756	0
1239	-757	0
1240	-758	0
1241	-759	0
1242	-760	0
1244	-761	0
1245	-762	0
1246	-763	0
1248	-764	0
1249	-765	0
1250	-766	0
1251	-767	0
1253	-768	0
1254	-769	0
1255	-770	0
1257	-771	0
1258	-772	0
1259	-773	0
1260	-774	0
1262	-775	0
1263	-776	0
1264	-777	0
1266	-778	0
1267	-779	0
1268	-780	0
1269	-781	0
1271	-782	0
1272	-783	0
1273	-784	0
1274	-785	0
1276	-786	0
1277	-787	0
1278	-788	0
1280	-789	0
1281	-790	0
1282	-791	0
1283	-792	0
1285	-793	0
1286	-794	0
1287	-795	0
1289	-796	0
1290	-797	0
1291	-798	0
1292	-799	0
1294	-800	0
1295	-801	0
1296	-802	0
1298	-803	0
1299	-804	0
1300	-805	0
1301	-806	0
1303	-807	0
1304	-808	0
1305	-809	0
1307	-810	0
1308	-811	0
1309	-812	0
1310	-813	0
1229	-749	0
1232	-750	0
1239	-751	0
1246	-752	0
1253	-753	0
1259	-754	0
1266	-755	0
1273	-756	0
1280	-757	0
1287	-758	0
1293	-759	0
1300	-760	0
1307	-761	0
1314	-762	0
1320	-763	0
1327	-764	0
1334	-765	0
1341	-766	0
1347	-767	0
1354	-768	0
1361	-769	0
1368	-770	0
1374	-771	0
1381	-772	0
1388	-773	0
1395	-774	0
1402	-775	0
1408	-776	0
1415	-777	0
1422	-778	0
1429	-779	0
1435	-780	0
1442	-781	0
1449	-782	0
1456	-783	0
1462	-784	0
1469	-785	0
1476	-786	0
1483	-787	0
1489	-788	0
1496	-789	0
1503	-790	0
1510	-791	0
1517	-792	0
1523	-793	0
1530	-794	0
1537	-795	0
1544	-796	0
1550	-797	0
1557	-798	0
1564	-799	0
1571	-800	0
1577	-801	0
1584	-802	0
1591	-803	0
1598	-804	0
1604	-805	0
1611	-806	0
1618	-807	0
1625	-808	0
1632	-809	0
1638	-810	0
1645	-811	0
1652	-812	0
1659	-813	0
1497	-749	0
1498	-750	0
1501	-751	0
1503	-752	0
1506	-753	0
1509	-754	0
1511	-755	0
1514	-756	0
1516	-757	0
1519	-758	0
1521	-759	0
1524	-760	0
1527	-761	0
1529	-762	0
1532	-763	0
1534	-764	0
1537	-765	0
1540	-766	0
1542	-767	0
1545	-768	0
1547	-769	0
1550	-770	0
1552	-771	0
1555	-772	0
1558	-773	0
1560	-774	0
1563	-775	0
1565	-776	0
1568	-777	0
1570	-778	0
1573	-779	0
1576	-780	0
1578	-781	0
1581	-782	0
1583	-783	0
1586	-784	0
1589	-785	0
1591	-786	0
1594	-787	0
1596	-788	0
1599	-789	0
1601	-790	0
1604	-791	0
1607	-792	0
1609	-793	0
1612	-794	0
1614	-795	0
1617	-796	0
1619	-797	0
1622	-798	0
1625	-799	0
1627	-800	0
1630	-801	0
1632	-802	0
1635	-803	0
1638	-804	0
1640	-805	0
1643	-806	0
1645	-807	0
1648	-808	0
1650	-809	0
1653	-810	0
1656	-811	0
1658	-812	0
1661	-813	0
1497	-749	0
1501	-750	0
1509	-751	0
1517	-752	0
1525	-753	0
1534	-754	0
1542	-755	0
1550	-756	0
1558	-757	0
1566	-758	0
1574	-759	0
1582	-760	0
1591	-761	0
1599	-762	0
1607	-763	0
1615	-764	0
1623	-765	0
1631	-766	0
1639	-767	0
1647	-768	0
1656	-769	0
1664	-770	0
1672	-771	0
1680	-772	0
1688	-773	0
1696	-774	0
1704	-775	0
1713	-776	0
1721	-777	0
1729	-778	0
1737	-779	0
1745	-780	0
1753	-781	0
1761	-782	0
1770	-783	0
1778	-784	0
1786	-785	0
1794	-786	0
1802	-787	0
1810	-788	0
1818	-789	0
1826	-790	0
1835	-791	0
1843	-792	0
1851	-793	0
1859	-794	0
1867	-795	0
1875	-796	0
1883	-797	0
1892	-798	0
1900	-799	0
1908	-800	0
1916	-801	0
1766	-749	0
1768	-750	0
1772	-751	0
1776	-752	0
1780	-753	0
1784	-754	0
1788	-755	0
1792	-756	0
1796	-757	0
1800	-758	0
1804	-759	0
1807	-760	0
1811	-761	0
1815	-762	0
1819	-763	0
1823	-764	0
1827	-765	0
1831	-766	0
1835	-767	0
1839	-768	0
1843	-769	0
1847	-770	0
1851	-771	0
1855	-772	0
1859	-773	0
1863	-774	0
1867	-775	0
1871	-776	0
1875	-777	0
1879	-778	0
1882	-779	0
1886	-780	0
1890	-781	0
1894	-782	0
1898	-783	0
1902	-784	0
1906	-785	0
1910	-786	0
1914	-787	0
1918	-788	0
1766	-749	0
1771	-750	0
1780	-751	0
1790	-752	0
1800	-753	0
1809	-754	0
1819	-755	0
1829	-756	0
1838	-757	0
1848	-758	0
1857	-759	0
1867	-760	0
1877	-761	0
1886	-762	0
1896	-763	0
1906	-764	0
1915	-765	0
0	-709	0
0	-710	0
0	-711	0
0	-712	0
0	-713	0
0	-714	0
0	-715	0
0	-716	0
0	-717	0
0	-718	0
0	-719	0
0	-720	0
0	-721	0
0	-722	0
0	-723	0
0	-724	0
0	-725	0
0	-726	0
87	-709	0
82	-710	0
77	-711	0
71	-712	0
66	-713	0
61	-714	0
56	-715	0
50	-716	0
45	-717	0
40	-718	0
34	-719	0
29	-720	0
24	-721	0
19	-722	0
13	-723	0
8	-724	0
3	-725	0
0	-726	0
0	-727	0
0	-728	0
0	-729	0
0	-730	0
0	-731	0
0	-732	0
0	-733	0
0	-734	0
0	-735	0
0	-736	0
0	-737	0
0	-738	0
0	-739	0
0	-740	0
0	-741	0
0	-742	0
0	-743	0
0	-744	0
0	-745	0
0	-746	0
0	-747	0
0	-748	0
0	-749	0
90	-709	0
91	-710	0
92	-711	0
94	-712	0
96	-713	0
97	-714	0
99	-715	0
100	-716	0
102	-717	0
104	-718	0
105	-719	0
107	-720	0
108	-721	0
110	-722	0
112	-723	0
113	-724	0
115	-725	0
116	-726	0
118	-727	0
120	-728	0
121	-729	0
123	-730	0
124	-731	0
126	-732	0
128	-733	0
129	-734	0
131	-735	0
132	-736	0
134	-737	0
136	-738	0
137	-739	0
139	-740	0
140	-741	0
142	-742	0
144	-743	0
145	-744	0
147	-745	0
148	-746	0
150	-747	0
152	-748	0
153	-749	0
305	-709	0
301	-710	0
297	-711	0
294	-712	0
290	-713	0
286	-714	0
282	-715	0
278	-716	0
274	-717	0
271	-718	0
267	-719	0
263	-720	0
259	-721	0
255	-722	0
252	-723	0
248	-724	0
244	-725	0
240	-726	0
236	-727	0
232	-728	0
229	-729	0
225	-730	0
221	-731	0
217	-732	0
213	-733	0
209	-734	0
206	-735	0
202	-736	0
198	-737	0
194	-738	0
190	-739	0
187	-740	0
183	-741	0
179	-742	0
175	-743	0
171	-744	0
167	-745	0
164	-746	0
160	-747	0
156	-748	0
154	-749	0
307	-709	0
308	-710	0
311	-711	0
314	-712	0
317	-713	0
320	-714	0
323	-715	0
326	-716	0
329	-717	0
332	-718	0
335	-719	0
337	-720	0
340	-721	0
343	-722	0
346	-723	0
349	-724	0
352	-725	0
355	-726	0
358	-727	0
361	-728	0
364	-729	0
366	-730	0
369	-731	0
372	-732	0
375	-733	0
378	-734	0
381	-735	0
384	-736	0
387	-737	0
390	-738	0
393	-739	0
395	-740	0
398	-741	0
401	-742	0
404	-743	0
407	-744	0
410	-745	0
413	-746	0
416	-747	0
419	-748	0
422	-749	0
524	-709	0
521	-710	0
519	-711	0
516	-712	0
514	-713	0
511	-714	0
508	-715	0
506	-716	0
503	-717	0
501	-718	0
498	-719	0
496	-720	0
493	-721	0
491	-722	0
488	-723	0
485	-724	0
483	-725	0
480	-726	0
478	-727	0
475	-728	0
473	-729	0
470	-730	0
468	-731	0
465	-732	0
463	-733	0
460	-734	0
457	-735	0
455	-736	0
452	-737	0
450	-738	0
447	-739	0
445	-740	0
442	-741	0
440	-742	0
437	-743	0
434	-744	0
432	-745	0
429	-746	0
427	-747	0
424	-748	0
423	-749	0
525	-709	0
527	-710	0
531	-711	0
535	-712	0
540	-713	0
544	-714	0
548	-715	0
552	-716	0
556	-717	0
560	-718	0
564	-719	0
569	-720	0
573	-721	0
577	-722	0
581	-723	0
585	-724	0
589	-725	0
593	-726	0
598	-727	0
602	-728	0
606	-729	0
610	-730	0
614	-731	0
618	-732	0
623	-733	0
627	-734	0
631	-735	0
635	-736	0
639	-737	0
643	-738	0
647	-739	0
652	-740	0
656	-741	0
660	-742	0
664	-743	0
668	-744	0
672	-745	0
676	-746	0
681	-747	0
685	-748	0
689	-749	0
741	-709	0
740	-710	0
739	-711	0
738	-712	0
736	-713	0
735	-714	0
734	-715	0
732	-716	0
731	-717	0
730	-718	0
729	-719	0
727	-720	0
726	-721	0
725	-722	0
724	-723	0
722	-724	0
721	-725	0
720	-726	0
718	-727	0
717	-728	0
716	-729	0
715	-730	0
713	-731	0
712	-732	0
711	-733	0
709	-734	0
708	-735	0
707	-736	0
706	-737	0
704	-738	0
703	-739	0
702	-740	0
701	-741	0
699	-742	0
698	-743	0
697	-744	0
695	-745	0
694	-746	0
693	-747	0
692	-748	0
691	-749	0
742	-709	0
745	-710	0
750	-711	0
756	-712	0
761	-713	0
767	-714	0
772	-715	0
777	-716	0
783	-717	0
788	-718	0
794	-719	0
799	-720	0
805	-721	0
810	-722	0
816	-723	0
821	-724	0
826	-725	0
832	-726	0
837	-727	0
843	-728	0
848	-729	0
854	-730	0
859	-731	0
865	-732	0
870	-733	0
876	-734	0
881	-735	0
886	-736	0
892	-737	0
897	-738	0
903	-739	0
908	-740	0
914	-741	0
919	-742	0
925	-743	0
930	-744	0
935	-745	0
941	-746	0
946	-747	0
952	-748	0
957	-749	0
960	-709	0
960	-710	0
960	-711	0
960	-712	0
960	-713	0
960	-714	0
960	-715	0
960	-716	0
960	-717	0
960	-718	0
960	-719	0
960	-720	0
960	-721	0
960	-722	0
960	-723	0
960	-724	0
960	-725	0
960	-726	0
960	-727	0
960	-728	0
960	-729	0
960	-730	0
960	-731	0
960	-732	0
960	-733	0
960	-734	0
960	-735	0
960	-736	0
960	-737	0
960	-738	0
960	-739	0
960	-740	0
960	-741	0
960	-742	0
960	-743	0
960	-744	0
960	-745	0
960	-746	0
960	-747	0
960	-748	0
960	-749	0
960	-709	0
963	-710	0
970	-711	0
977	-712	0
984	-713	0
990	-714	0
997	-715	0
1004	-716	0
1010	-717	0
1017	-718	0
1024	-719	0
1031	-720	0
1037	-721	0
1044	-722	0
1051	-723	0
1058	-724	0
1064	-725	0
1071	-726	0
1078	-727	0
1084	-728	0
1091	-729	0
1098	-730	0
1105	-731	0
1111	-732	0
1118	-733	0
1125	-734	0
1131	-735	0
1138	-736	0
1145	-737	0
1152	-738	0
1158	-739	0
1165	-740	0
1172	-741	0
1179	-742	0
1185	-743	0
1192	-744	0
1199	-745	0
1205	-746	0
1212	-747	0
1219	-748	0
1226	-749	0
1178	-709	0
1179	-710	0
1180	-711	0
1181	-712	0
1182	-713	0
1184	-714	0
1185	-715	0
1186	-716	0
1188	-717	0
1189	-718	0
1190	-719	0
1191	-720	0
1193	-721	0
1194	-722	0
1195	-723	0
1196	-724	0
1198	-725	0
1199	-726	0
1200	-727	0
1202	-728	0
1203	-729	0
1204	-730	0
1205	-731	0
1207	-732	0
1208	-733	0
1209	-734	0
1211	-735	0
1212	-736	0
1213	-737	0
1214	-738	0
1216	-739	0
1217	-740	0
1218	-741	0
1219	-742	0
1221	-743	0
1222	-744	0
1223	-745	0
1225	-746	0
1226	-747	0
1227	-748	0
1228	-749	0
1178	-709	0
1182	-710	0
1190	-711	0
1198	-712	0
1206	-713	0
1214	-714	0
1222	-715	0
1230	-716	0
1238	-717	0
1246	-718	0
1254	-719	0
1262	-720	0
1270	-721	0
1278	-722	0
1286	-723	0
1294	-724	0
1302	-725	0
1310	-726	0
1318	-727	0
1326	-728	0
1334	-729	0
1341	-730	0
1349	-731	0
1357	-732	0
1365	-733	0
1373	-734	0
1381	-735	0
1389	-736	0
1397	-737	0
1405	-738	0
1413	-739	0
1421	-740	0
1429	-741	0
1437	-742	0
1445	-743	0
1453	-744	0
1461	-745	0
1469	-746	0
1477	-747	0
1485	-748	0
1493	-749	0
1395	-709	0
1396	-710	0
1399	-711	0
1401	-712	0
1404	-713	0
1406	-714	0
1409	-715	0
1412	-716	0
1414	-717	0
1417	-718	0
1419	-719	0
1422	-720	0
1424	-721	0
1427	-722	0
1429	-723	0
1432	-724	0
1435	-725	0
1437	-726	0
1440	-727	0
1442	-728	0
1445	-729	0
1447	-730	0
1450	-731	0
1452	-732	0
1455	-733	0
1457	-734	0
1460	-735	0
1463	-736	0
1465	-737	0
1468	-738	0
1470	-739	0
1473	-740	0
1475	-741	0
1478	-742	0
1480	-743	0
1483	-744	0
1486	-745	0
1488	-746	0
1491	-747	0
1493	-748	0
1496	-749	0
1395	-709	0
1400	-710	0
1409	-711	0
1418	-712	0
1427	-713	0
1437	-714	0
1446	-715	0
1455	-716	0
1465	-717	0
1474	-718	0
1483	-719	0
1492	-720	0
1502	-721	0
1511	-722	0
1520	-723	0
1529	-724	0
1539	-725	0
1548	-726	0
1557	-727	0
1567	-728	0
1576	-729	0
1585	-730	0
1594	-731	0
1604	-732	0
1613	-733	0
1622	-734	0
1632	-735	0
1641	-736	0
1650	-737	0
1659	-738	0
1669	-739	0
1678	-740	0
1687	-741	0
1696	-742	0
1706	-743	0
1715	-744	0
1724	-745	0
1734	-746	0
1743	-747	0
1752	-748	0
1761	-749	0
1613	-709	0
1615	-710	0
1619	-711	0
1623	-712	0
1626	-713	0
1630	-714	0
1634	-715	0
1638	-716	0
1642	-717	0
1646	-718	0
1649	-719	0
1653	-720	0
1657	-721	0
1661	-722	0
1665	-723	0
1668	-724	0
1672	-725	0
1676	-726	0
1680	-727	0
1684	-728	0
1688	-729	0
1691	-730	0
1695	-731	0
1699	-732	0
1703	-733	0
1707	-734	0
1711	-735	0
1714	-736	0
1718	-737	0
1722	-738	0
1726	-739	0
1730	-740	0
1733	-741	0
1737	-742	0
1741	-743	0
1745	-744	0
1749	-745	0
1753	-746	0
1756	-747	0
1760	-748	0
1764	-749	0
1613	-709	0
1618	-710	0
1629	-711	0
1639	-712	0
1650	-713	0
1661	-714	0
1671	-715	0
1682	-716	0
1692	-717	0
1703	-718	0
1714	-719	0
1724	-720	0
1735	-721	0
1745	-722	0
1756	-723	0
1767	-724	0
1777	-725	0
1788	-726	0
1798	-727	0
1809	-728	0
1819	-729	0
1830	-730	0
1841	-731	0
1851	-732	0
1862	-733	0
1872	-734	0
1883	-735	0
1894	-736	0
1904	-737	0
1915	-738	0
1830	-709	0
1833	-710	0
1838	-711	0
1843	-712	0
1849	-713	0
1854	-714	0
1859	-715	0
1864	-716	0
1870	-717	0
1875	-718	0
1880	-719	0
1886	-720	0
1891	-721	0
1896	-722	0
1901	-723	0
1907	-724	0
1912	-725	0
1917	-726	0
1830	-709	0
1836	-710	0
1849	-711	0
1862	-712	0
1875	-713	0
1888	-714	0
1901	-715	0
1914	-716	0
43	-682	0
36	-683	0
30	-684	0
23	-685	0
16	-686	0
10	-687	0
3	-688	0
0	-689	0
0	-690	0
0	-691	0
0	-692	0
0	-693	0
0	-694	0
0	-695	0
0	-696	0
0	-697	0
0	-698	0
0	-699	0
0	-700	0
0	-701	0
0	-702	0
0	-703	0
0	-704	0
0	-705	0
0	-706	0
0	-707	0
0	-708	0
0	-709	0
46	-682	0
47	-683	0
48	-684	0
50	-685	0
52	-686	0
53	-687	0
55	-688	0
57	-689	0
58	-690	0
60	-691	0
61	-692	0
63	-693	0
65	-694	0
66	-695	0
68	-696	0
70	-697	0
71	-698	0
73	-699	0
75	-700	0
76	-701	0
78	-702	0
79	-703	0
81	-704	0
83	-705	0
84	-706	0
86	-707	0
88	-708	0
89	-709	0
226	-682	0
221	-683	0
216	-684	0
211	-685	0
206	-686	0
201	-687	0
196	-688	0
190	-689	0
185	-690	0
180	-691	0
175	-692	0
170	-693	0
165	-694	0
160	-695	0
154	-696	0
149	-697	0
144	-698	0
139	-699	0
134	-700	0
129	-701	0
123	-702	0
118	-703	0
113	-704	0
108	-705	0
103	-706	0
98	-707	0
93	-708	0
90	-709	0
229	-682	0
230	-683	0
233	-684	0
236	-685	0
239	-686	0
242	-687	0
245	-688	0
248	-689	0
251	-690	0
254	-691	0
256	-692	0
259	-693	0
262	-694	0
265	-695	0
268	-696	0
271	-697	0
274	-698	0
277	-699	0
280	-700	0
282	-701	0
285	-702	0
288	-703	0
291	-704	0
294	-705	0
297	-706	0
300	-707	0
303	-708	0
306	-709	0
410	-682	0
406	-683	0
402	-684	0
398	-685	0
395	-686	0
391	-687	0
387	-688	0
383	-689	0
379	-690	0
375	-691	0
371	-692	0
367	-693	0
363	-694	0
360	-695	0
356	-696	0
352	-697	0
348	-698	0
344	-699	0
340	-700	0
336	-701	0
332	-702	0
328	-703	0
325	-704	0
321	-705	0
317	-706	0
313	-707	0
309	-708	0
307	-709	0
412	-682	0
414	-683	0
418	-684	0
422	-685	0
427	-686	0
431	-687	0
435	-688	0
439	-689	0
443	-690	0
448	-691	0
452	-692	0
456	-693	0
460	-694	0
464	-695	0
468	-696	0
473	-697	0
477	-698	0
481	-699	0
485	-700	0
489	-701	0
494	-702	0
498	-703	0
502	-704	0
506	-705	0
510	-706	0
515	-707	0
519	-708	0
523	-709	0
593	-682	0
590	-683	0
588	-684	0
585	-685	0
583	-686	0
580	-687	0
577	-688	0
575	-689	0
572	-690	0
570	-691	0
567	-692	0
565	-693	0
562	-694	0
560	-695	0
557	-696	0
554	-697	0
552	-698	0
549	-699	0
547	-700	0
544	-701	0
542	-702	0
539	-703	0
537	-704	0
534	-705	0
531	-706	0
529	-707	0
526	-708	0
525	-709	0
594	-682	0
597	-683	0
602	-684	0
608	-685	0
613	-686	0
619	-687	0
624	-688	0
630	-689	0
635	-690	0
641	-691	0
646	-692	0
652	-693	0
657	-694	0
663	-695	0
668	-696	0
673	-697	0
679	-698	0
684	-699	0
690	-700	0
695	-701	0
701	-702	0
706	-703	0
712	-704	0
717	-705	0
723	-706	0
728	-707	0
734	-708	0
739	-709	0
776	-682	0
775	-683	0
774	-684	0
772	-685	0
771	-686	0
770	-687	0
769	-688	0
767	-689	0
766	-690	0
765	-691	0
763	-692	0
762	-693	0
761	-694	0
760	-695	0
758	-696	0
757	-697	0
756	-698	0
754	-699	0
753	-700	0
752	-701	0
750	-702	0
749	-703	0
748	-704	0
747	-705	0
745	-706	0
744	-707	0
743	-708	0
742	-709	0
777	-682	0
780	-683	0
787	-684	0
794	-685	0
801	-686	0
807	-687	0
814	-688	0
821	-689	0
828	-690	0
835	-691	0
841	-692	0
848	-693	0
855	-694	0
862	-695	0
868	-696	0
875	-697	0
882	-698	0
889	-699	0
896	-700	0
902	-701	0
909	-702	0
916	-703	0
923	-704	0
929	-705	0
936	-706	0
943	-707	0
950	-708	0
957	-709	0
960	-682	0
960	-683	0
960	-684	0
960	-685	0
960	-686	0
960	-687	0
960	-688	0
960	-689	0
960	-690	0
960	-691	0
960	-692	0
960	-693	0
960	-694	0
960	-695	0
960	-696	0
960	-697	0
960	-698	0
960	-699	0
960	-700	0
960	-701	0
960	-702	0
960	-703	0
960	-704	0
960	-705	0
960	-706	0
960	-707	0
960	-708	0
960	-709	0
960	-682	0
964	-683	0
972	-684	0
980	-685	0
988	-686	0
996	-687	0
1004	-688	0
1012	-689	0
1021	-690	0
1029	-691	0
1037	-692	0
1045	-693	0
1053	-694	0
1061	-695	0
1069	-696	0
1077	-697	0
1085	-698	0
1093	-699	0
1101	-700	0
1109	-701	0
1117	-702	0
1126	-703	0
1134	-704	0
1142	-705	0
1150	-706	0
1158	-707	0
1166	-708	0
1174	-709	0
1143	-682	0
1144	-683	0
1145	-684	0
1146	-685	0
1148	-686	0
1149	-687	0
1150	-688	0
1151	-689	0
1153	-690	0
1154	-691	0
1155	-692	0
1157	-693	0
1158	-694	0
1159	-695	0
1160	-696	0
1162	-697	0
1163	-698	0
1164	-699	0
1166	-700	0
1167	-701	0
1168	-702	0
1170	-703	0
1171	-704	0
1172	-705	0
1173	-706	0
1175	-707	0
1176	-708	0
1177	-709	0
1143	-682	0
1148	-683	0
1157	-684	0
1166	-685	0
1176	-686	0
1185	-687	0
1194	-688	0
1204	-689	0
1213	-690	0
1222	-691	0
1232	-692	0
1241	-693	0
1250	-694	0
1260	-695	0
1269	-696	0
1278	-697	0
1288	-698	0
1297	-699	0
1306	-700	0
1316	-701	0
1325	-702	0
1334	-703	0
1344	-704	0
1353	-705	0
1362	-706	0
1372	-707	0
1381	-708	0
1390	-709	0
1326	-682	0
1327	-683	0
1330	-684	0
1332	-685	0
1335	-686	0
1337	-687	0
1340	-688	0
1343	-689	0
1345	-690	0
1348	-691	0
1350	-692	0
1353	-693	0
1355	-694	0
1358	-695	0
1360	-696	0
1363	-697	0
1366	-698	0
1368	-699	0
1371	-700	0
1373	-701	0
1376	-702	0
1378	-703	0
1381	-704	0
1383	-705	0
1386	-706	0
1389	-707	0
1391	-708	0
1394	-709	0
1326	-682	0
1331	-683	0
1342	-684	0
1353	-685	0
1363	-686	0
1374	-687	0
1384	-688	0
1395	-689	0
1406	-690	0
1416	-691	0
1427	-692	0
1438	-693	0
1448	-694	0
1459	-695	0
1469	-696	0
1480	-697	0
1491	-698	0
1501	-699	0
1512	-700	0
1523	-701	0
1533	-702	0
1544	-703	0
1555	-704	0
1565	-705	0
1576	-706	0
1586	-707	0
1597	-708	0
1608	-709	0
1508	-682	0
1510	-683	0
1514	-684	0
1518	-685	0
1522	-686	0
1525	-687	0
1529	-688	0
1533	-689	0
1537	-690	0
1541	-691	0
1545	-692	0
1549	-693	0
1553	-694	0
1557	-695	0
1560	-696	0
1564	-697	0
1568	-698	0
1572	-699	0
1576	-700	0
1580	-701	0
1584	-702	0
1588	-703	0
1592	-704	0
1595	-705	0
1599	-706	0
1603	-707	0
1607	-708	0
1611	-709	0
1508	-682	0
1514	-683	0
1526	-684	0
1538	-685	0
1550	-686	0
1562	-687	0
1574	-688	0
1586	-689	0
1597	-690	0
1609	-691	0
1621	-692	0
1633	-693	0
1645	-694	0
1657	-695	0
1669	-696	0
1681	-697	0
1693	-698	0
1705	-699	0
1717	-700	0
1729	-701	0
1741	-702	0
1752	-703	0
1764	-704	0
1776	-705	0
1788	-706	0
1800	-707	0
1812	-708	0
1824	-709	0
1691	-682	0
1694	-683	0
1699	-684	0
1704	-685	0
1709	-686	0
1714	-687	0
1719	-688	0
1724	-689	0
1730	-690	0
1735	-691	0
1740	-692	0
1745	-693	0
1750	-694	0
1755	-695	0
1761	-696	0
1766	-697	0
1771	-698	0
1776	-699	0
1781	-700	0
1786	-701	0
1791	-702	0
1797	-703	0
1802	-704	0
1807	-705	0
1812	-706	0
1817	-707	0
1822	-708	0
1827	-709	0
1691	-682	0
1698	-683	0
1711	-684	0
1725	-685	0
1738	-686	0
1752	-687	0
1765	-688	0
1779	-689	0
1792	-690	0
1806	-691	0
1819	-692	0
1832	-693	0
1846	-694	0
1859	-695	0
1873	-696	0
1886	-697	0
1900	-698	0
1913	-699	0
169	-662	0
163	-663	0
156	-664	0
150	-665	0
144	-666	0
137	-667	0
131	-668	0
125	-669	0
118	-670	0
112	-671	0
106	-672	0
100	-673	0
93	-674	0
87	-675	0
81	-676	0
74	-677	0
68	-678	0
62	-679	0
55	-680	0
49	-681	0
46	-682	0
172	-662	0
173	-663	0
176	-664	0
179	-665	0
182	-666	0
185	-667	0
188	-668	0
191	-669	0
193	-670	0
196	-671	0
199	-672	0
202	-673	0
205	-674	0
208	-675	0
210	-676	0
213	-677	0
216	-678	0
219	-679	0
222	-680	0
225	-681	0
228	-682	0
327	-662	0
322	-663	0
317	-664	0
312	-665	0
307	-666	0
302	-667	0
297	-668	0
292	-669	0
287	-670	0
282	-671	0
277	-672	0
272	-673	0
267	-674	0
262	-675	0
257	-676	0
252	-677	0
247	-678	0
242	-679	0
237	-680	0
232	-681	0
229	-682	0
329	-662	0
331	-663	0
335	-664	0
339	-665	0
344	-666	0
348	-667	0
352	-668	0
356	-669	0
360	-670	0
364	-671	0
368	-672	0
373	-673	0
377	-674	0
381	-675	0
385	-676	0
389	-677	0
393	-678	0
397	-679	0
402	-680	0
406	-681	0
410	-682	0
485	-662	0
481	-663	0
478	-664	0
474	-665	0
470	-666	0
466	-667	0
463	-668	0
459	-669	0
455	-670	0
451	-671	0
448	-672	0
444	-673	0
440	-674	0
436	-675	0
433	-676	0
429	-677	0
425	-678	0
421	-679	0
418	-680	0
414	-681	0
412	-682	0
487	-662	0
490	-663	0
495	-664	0
500	-665	0
506	-666	0
511	-667	0
516	-668	0
522	-669	0
527	-670	0
532	-671	0
538	-672	0
543	-673	0
549	-674	0
554	-675	0
559	-676	0
565	-677	0
570	-678	0
575	-679	0
581	-680	0
586	-681	0
591	-682	0
644	-662	0
641	-663	0
639	-664	0
636	-665	0
634	-666	0
631	-667	0
628	-668	0
626	-669	0
623	-670	0
621	-671	0
618	-672	0
616	-673	0
613	-674	0
611	-675	0
608	-676	0
605	-677	0
603	-678	0
600	-679	0
598	-680	0
595	-681	0
594	-682	0
645	-662	0
648	-663	0
655	-664	0
661	-665	0
668	-666	0
675	-667	0
681	-668	0
688	-669	0
694	-670	0
701	-671	0
708	-672	0
714	-673	0
721	-674	0
727	-675	0
734	-676	0
741	-677	0
747	-678	0
754	-679	0
760	-680	0
767	-681	0
774	-682	0
801	-662	0
800	-663	0
799	-664	0
798	-665	0
796	-666	0
795	-667	0
794	-668	0
793	-669	0
791	-670	0
790	-671	0
789	-672	0
788	-673	0
786	-674	0
785	-675	0
784	-676	0
783	-677	0
781	-678	0
780	-679	0
779	-680	0
778	-681	0
777	-682	0
802	-662	0
806	-663	0
814	-664	0
822	-665	0
830	-666	0
838	-667	0
845	-668	0
853	-669	0
861	-670	0
869	-671	0
877	-672	0
885	-673	0
893	-674	0
901	-675	0
909	-676	0
917	-677	0
924	-678	0
932	-679	0
940	-680	0
948	-681	0
956	-682	0
960	-662	0
960	-663	0
960	-664	0
960	-665	0
960	-666	0
960	-667	0
960	-668	0
960	-669	0
960	-670	0
960	-671	0
960	-672	0
960	-673	0
960	-674	0
960	-675	0
960	-676	0
960	-677	0
960	-678	0
960	-679	0
960	-680	0
960	-681	0
960	-682	0
960	-662	0
965	-663	0
974	-664	0
983	-665	0
992	-666	0
1001	-667	0
1010	-668	0
1019	-669	0
1029	-670	0
1038	-671	0
1047	-672	0
1056	-673	0
1065	-674	0
1074	-675	0
1084	-676	0
1093	-677	0
1102	-678	0
1111	-679	0
1120	-680	0
1129	-681	0
1138	-682	0
1118	-662	0
1119	-663	0
1120	-664	0
1121	-665	0
1122	-666	0
1124	-667	0
1125	-668	0
1126	-669	0
1127	-670	0
1129	-671	0
1130	-672	0
1131	-673	0
1132	-674	0
1134	-675	0
1135	-676	0
1136	-677	0
1137	-678	0
1139	-679	0
1140	-680	0
1141	-681	0
1142	-682	0
1118	-662	0
1123	-663	0
1134	-664	0
1144	-665	0
1154	-666	0
1165	-667	0
1175	-668	0
1186	-669	0
1196	-670	0
1206	-671	0
1217	-672	0
1227	-673	0
1238	-674	0
1248	-675	0
1258	-676	0
1269	-677	0
1279	-678	0
1290	-679	0
1300	-680	0
1310	-681	0
1321	-682	0
1275	-662	0
1276	-663	0
1279	-664	0
1281	-665	0
1284	-666	0
1286	-667	0
1289	-668	0
1292	-669	0
1294	-670	0
1297	-671	0
1299	-672	0
1302	-673	0
1304	-674	0
1307	-675	0
1309	-676	0
1312	-677	0
1315	-678	0
1317	-679	0
1320	-680	0
1322	-681	0
1325	-682	0
1275	-662	0
1281	-663	0
1292	-664	0
1304	-665	0
1316	-666	0
1327	-667	0
1339	-668	0
1351	-669	0
1362	-670	0
1374	-671	0
1386	-672	0
1397	-673	0
1409	-674	0
1421	-675	0
1432	-676	0
1444	-677	0
1456	-678	0
1467	-679	0
1479	-680	0
1491	-681	0
1502	-682	0
1433	-662	0
1435	-663	0
1439	-664	0
1442	-665	0
1446	-666	0
1450	-667	0
1454	-668	0
1457	-669	0
1461	-670	0
1465	-671	0
1469	-672	0
1472	-673	0
1476	-674	0
1480	-675	0
1484	-676	0
1487	-677	0
1491	-678	0
1495	-679	0
1499	-680	0
1502	-681	0
1506	-682	0
1433	-662	0
1439	-663	0
1452	-664	0
1465	-665	0
1478	-666	0
1491	-667	0
1504	-668	0
1517	-669	0
1530	-670	0
1543	-671	0
1556	-672	0
1568	-673	0
1581	-674	0
1594	-675	0
1607	-676	0
1620	-677	0
1633	-678	0
1646	-679	0
1659	-680	0
1672	-681	0
1685	-682	0
1591	-662	0
1593	-663	0
1598	-664	0
1603	-665	0
1608	-666	0
1613	-667	0
1618	-668	0
1623	-669	0
1628	-670	0
1633	-671	0
1638	-672	0
1643	-673	0
1648	-674	0
1653	-675	0
1658	-676	0
1663	-677	0
1668	-678	0
1673	-679	0
1678	-680	0
1683	-681	0
1688	-682	0
1591	-662	0
1598	-663	0
1612	-664	0
1626	-665	0
1641	-666	0
1655	-667	0
1669	-668	0
1683	-669	0
1697	-670	0
1711	-671	0
1725	-672	0
1740	-673	0
1754	-674	0
1768	-675	0
1782	-676	0
1796	-677	0
1810	-678	0
1824	-679	0
1839	-680	0
1853	-681	0
1867	-682	0
264	-648	0
257	-649	0
250	-650	0
243	-651	0
236	-652	0
230	-653	0
223	-654	0
216	-655	0
209	-656	0
203	-657	0
196	-658	0
189	-659	0
182	-660	0
175	-661	0
172	-662	0
267	-648	0
269	-649	0
274	-650	0
278	-651	0
282	-652	0
287	-653	0
291	-654	0
296	-655	0
300	-656	0
305	-657	0
309	-658	0
313	-659	0
318	-660	0
322	-661	0
327	-662	0
403	-648	0
398	-649	0
392	-650	0
387	-651	0
381	-652	0
376	-653	0
370	-654	0
365	-655	0
359	-656	0
354	-657	0
348	-658	0
343	-659	0
337	-660	0
332	-661	0
329	-662	0
406	-648	0
409	-649	0
415	-650	0
420	-651	0
426	-652	0
432	-653	0
438	-654	0
444	-655	0
449	-656	0
455	-657	0
461	-658	0
467	-659	0
473	-660	0
478	-661	0
484	-662	0
542	-648	0
538	-649	0
534	-650	0
530	-651	0
526	-652	0
522	-653	0
518	-654	0
513	-655	0
509	-656	0
505	-657	0
501	-658	0
497	-659	0
493	-660	0
489	-661	0
487	-662	0
544	-648	0
548	-649	0
555	-650	0
562	-651	0
569	-652	0
576	-653	0
584	-654	0
591	-655	0
598	-656	0
605	-657	0
613	-658	0
620	-659	0
627	-660	0
634	-661	0
641	-662	0
682	-648	0
679	-649	0
676	-650	0
674	-651	0
671	-652	0
668	-653	0
665	-654	0
663	-655	0
660	-656	0
657	-657	0
655	-658	0
652	-659	0
649	-660	0
646	-661	0
645	-662	0
683	-648	0
687	-649	0
696	-650	0
704	-651	0
713	-652	0
721	-653	0
730	-654	0
738	-655	0
747	-656	0
755	-657	0
764	-658	0
772	-659	0
781	-660	0
789	-661	0
798	-662	0
820	-648	0
819	-649	0
818	-650	0
816	-651	0
815	-652	0
814	-653	0
812	-654	0
811	-655	0
809	-656	0
808	-657	0
807	-658	0
805	-659	0
804	-660	0
803	-661	0
802	-662	0
821	-648	0
826	-649	0
836	-650	0
846	-651	0
856	-652	0
866	-653	0
876	-654	0
886	-655	0
895	-656	0
905	-657	0
915	-658	0
925	-659	0
935	-660	0
945	-661	0
955	-662	0
960	-648	0
960	-649	0
960	-650	0
960	-651	0
960	-652	0
960	-653	0
960	-654	0
960	-655	0
960	-656	0
960	-657	0
960	-658	0
960	-659	0
960	-660	0
960	-661	0
960	-662	0
960	-648	0
966	-649	0
977	-650	0
988	-651	0
999	-652	0
1011	-653	0
1022	-654	0
1033	-655	0
1045	-656	0
1056	-657	0
1067	-658	0
1078	-659	0
1090	-660	0
1101	-661	0
1112	-662	0
1099	-648	0
1100	-649	0
1101	-650	0
1102	-651	0
1104	-652	0
1105	-653	0
1106	-654	0
1108	-655	0
1109	-656	0
1111	-657	0
1112	-658	0
1113	-659	0
1115	-660	0
1116	-661	0
1117	-662	0
1099	-648	0
1105	-649	0
1118	-650	0
1130	-651	0
1143	-652	0
1156	-653	0
1168	-654	0
1181	-655	0
1193	-656	0
1206	-657	0
1218	-658	0
1231	-659	0
1244	-660	0
1256	-661	0
1269	-662	0
1237	-648	0
1238	-649	0
1241	-650	0
1244	-651	0
1246	-652	0
1249	-653	0
1252	-654	0
1255	-655	0
1257	-656	0
1260	-657	0
1263	-658	0
1265	-659	0
1268	-660	0
1271	-661	0
1274	-662	0
1237	-648	0
1244	-649	0
1258	-650	0
1272	-651	0
1286	-652	0
1300	-653	0
1314	-654	0
1328	-655	0
1342	-656	0
1356	-657	0
1370	-658	0
1384	-659	0
1398	-660	0
1412	-661	0
1426	-662	0
1376	-648	0
1378	-649	0
1382	-650	0
1386	-651	0
1390	-652	0
1394	-653	0
1398	-654	0
1402	-655	0
1407	-656	0
1411	-657	0
1415	-658	0
1419	-659	0
1423	-660	0
1427	-661	0
1431	-662	0
1376	-648	0
1384	-649	0
1399	-650	0
1414	-651	0
1430	-652	0
1445	-653	0
1460	-654	0
1476	-655	0
1491	-656	0
1507	-657	0
1522	-658	0
1537	-659	0
1553	-660	0
1568	-661	0
1583	-662	0
1514	-648	0
1517	-649	0
1522	-650	0
1528	-651	0
1533	-652	0
1539	-653	0
1544	-654	0
1550	-655	0
1555	-656	0
1561	-657	0
1566	-658	0
1572	-659	0
1577	-660	0
1583	-661	0
1588	-662	0
1514	-648	0
1522	-649	0
1539	-650	0
1556	-651	0
1572	-652	0
1589	-653	0
1606	-654	0
1623	-655	0
1639	-656	0
1656	-657	0
1673	-658	0
1689	-659	0
1706	-660	0
1723	-661	0
1740	-662	0