900	-245	0
901	-246	0
901	-247	0
901	-248	0
902	-249	0
902	-250	0
903	-251	0
903	-252	0
904	-253	0
904	-254	0
904	-255	0
905	-256	0
905	-257	0
906	-258	0
906	-259	0
906	-260	0
907	-261	0
907	-262	0
908	-263	0
908	-264	0
908	-265	0
909	-266	0
909	-267	0
910	-268	0
910	-269	0
911	-270	0
911	-271	0
911	-272	0
912	-273	0
912	-274	0
913	-275	0
913	-276	0
913	-277	0
914	-278	0
914	-279	0
915	-280	0
915	-281	0
915	-282	0
916	-283	0
916	-284	0
917	-285	0
917	-286	0
918	-287	0
918	-288	0
918	-289	0
919	-290	0
919	-291	0
920	-292	0
920	-293	0
920	-294	0
921	-295	0
921	-296	0
922	-297	0
922	-298	0
923	-299	0
923	-300	0
923	-301	0
924	-302	0
924	-303	0
925	-304	0
925	-305	0
925	-306	0
926	-307	0
926	-308	0
927	-309	0
927	-310	0
927	-311	0
928	-312	0
928	-313	0
929	-314	0
929	-315	0
930	-316	0
930	-317	0
930	-318	0
931	-319	0
931	-320	0
932	-321	0
932	-322	0
932	-323	0
933	-324	0
933	-325	0
934	-326	0
934	-327	0
935	-328	0
935	-329	0
935	-330	0
936	-331	0
936	-332	0
937	-333	0
937	-334	0
937	-335	0
938	-336	0
938	-337	0
939	-338	0
939	-339	0
939	-340	0
940	-341	0
940	-342	0
941	-343	0
941	-344	0
942	-345	0
942	-346	0
942	-347	0
943	-348	0
943	-349	0
944	-350	0
944	-351	0
944	-352	0
945	-353	0
945	-354	0
946	-355	0
946	-356	0
946	-357	0
947	-358	0
947	-359	0
948	-360	0
948	-361	0
949	-362	0
949	-363	0
949	-364	0
950	-365	0
950	-366	0
951	-367	0
951	-368	0
951	-369	0
952	-370	0
952	-371	0
953	-372	0
953	-373	0
954	-374	0
954	-375	0
954	-376	0
955	-377	0
955	-378	0
956	-379	0
956	-380	0
956	-381	0
957	-382	0
957	-383	0
958	-384	0
958	-385	0
958	-386	0
959	-387	0
959	-388	0
960	-389	0
960	-390	0
961	-391	0
961	-392	0
961	-393	0
962	-394	0
962	-395	0
963	-396	0
963	-397	0
963	-398	0
964	-399	0
964	-400	0
965	-401	0
965	-402	0
966	-403	0
966	-404	0
966	-405	0
967	-406	0
967	-407	0
968	-408	0
968	-409	0
968	-410	0
969	-411	0
969	-412	0
970	-413	0
970	-414	0
970	-415	0
971	-416	0
971	-417	0
972	-418	0
972	-419	0
973	-420	0
973	-421	0
973	-422	0
974	-423	0
974	-424	0
975	-425	0
975	-426	0
975	-427	0
976	-428	0
976	-429	0
977	-430	0
977	-431	0
977	-432	0
978	-433	0
978	-434	0
979	-435	0
979	-436	0
980	-437	0
980	-438	0
980	-439	0
981	-440	0
981	-441	0
982	-442	0
982	-443	0
982	-444	0
983	-445	0
983	-446	0
984	-447	0
984	-448	0
985	-449	0
985	-450	0
985	-451	0
986	-452	0
986	-453	0
987	-454	0
987	-455	0
987	-456	0
988	-457	0
988	-458	0
989	-459	0
989	-460	0
989	-461	0
990	-462	0
990	-463	0
991	-464	0
991	-465	0
992	-466	0
992	-467	0
992	-468	0
993	-469	0
993	-470	0
994	-471	0
994	-472	0
994	-473	0
995	-474	0
995	-475	0
996	-476	0
996	-477	0
997	-478	0
997	-479	0
997	-480	0
998	-481	0
998	-482	0
999	-483	0
999	-484	0
999	-485	0
1000	-486	0
1000	-487	0
1001	-488	0
1001	-489	0
1001	-490	0
1002	-491	0
1002	-492	0
1003	-493	0
1003	-494	0
1004	-495	0
1004	-496	0
1004	-497	0
1005	-498	0
1005	-499	0
1006	-500	0
1006	-501	0
1006	-502	0
1007	-503	0
1007	-504	0
1008	-505	0
1008	-506	0
1008	-507	0
1009	-508	0
1009	-509	0
1010	-510	0
1010	-511	0
1011	-512	0
1011	-513	0
1011	-514	0
1012	-515	0
1012	-516	0
901	-245	0
903	-246	0
905	-247	0
908	-248	0
910	-249	0
912	-250	0
914	-251	0
916	-252	0
919	-253	0
921	-254	0
923	-255	0
925	-256	0
927	-257	0
930	-258	0
932	-259	0
934	-260	0
936	-261	0
938	-262	0
941	-263	0
943	-264	0
945	-265	0
947	-266	0
949	-267	0
952	-268	0
954	-269	0
956	-270	0
958	-271	0
960	-272	0
963	-273	0
965	-274	0
967	-275	0
969	-276	0
971	-277	0
974	-278	0
976	-279	0
978	-280	0
980	-281	0
982	-282	0
985	-283	0
987	-284	0
989	-285	0
991	-286	0
993	-287	0
996	-288	0
998	-289	0
1000	-290	0
1002	-291	0
1004	-292	0
1007	-293	0
1009	-294	0
1011	-295	0
1013	-296	0
1015	-297	0
1018	-298	0
1020	-299	0
1022	-300	0
1024	-301	0
1026	-302	0
1029	-303	0
1031	-304	0
1033	-305	0
1035	-306	0
1037	-307	0
1040	-308	0
1042	-309	0
1044	-310	0
1046	-311	0
1048	-312	0
1051	-313	0
1053	-314	0
1055	-315	0
1057	-316	0
1059	-317	0
1062	-318	0
1064	-319	0
1066	-320	0
1068	-321	0
1070	-322	0
1073	-323	0
1075	-324	0
1077	-325	0
1079	-326	0
1081	-327	0
1084	-328	0
1086	-329	0
1088	-330	0
1090	-331	0
1092	-332	0
1095	-333	0
1097	-334	0
1099	-335	0
1101	-336	0
1103	-337	0
1106	-338	0
1108	-339	0
1110	-340	0
1112	-341	0
1114	-342	0
1117	-343	0
1119	-344	0
1121	-345	0
1122	-346	0
1122	-347	0
1121	-348	0
1120	-349	0
1120	-350	0
1119	-351	0
1118	-352	0
1118	-353	0
1117	-354	0
1116	-355	0
1116	-356	0
1115	-357	0
1115	-358	0
1114	-359	0
1113	-360	0
1113	-361	0
1112	-362	0
1111	-363	0
1111	-364	0
1110	-365	0
1109	-366	0
1109	-367	0
1108	-368	0
1107	-369	0
1107	-370	0
1106	-371	0
1105	-372	0
1105	-373	0
1104	-374	0
1104	-375	0
1103	-376	0
1102	-377	0
1102	-378	0
1101	-379	0
1100	-380	0
1100	-381	0
1099	-382	0
1098	-383	0
1098	-384	0
1097	-385	0
1096	-386	0
1096	-387	0
1095	-388	0
1094	-389	0
1094	-390	0
1093	-391	0
1093	-392	0
1092	-393	0
1091	-394	0
1091	-395	0
1090	-396	0
1089	-397	0
1089	-398	0
1088	-399	0
1087	-400	0
1087	-401	0
1086	-402	0
1085	-403	0
1085	-404	0
1084	-405	0
1083	-406	0
1083	-407	0
1082	-408	0
1082	-409	0
1081	-410	0
1080	-411	0
1080	-412	0
1079	-413	0
1078	-414	0
1078	-415	0
1077	-416	0
1076	-417	0
1076	-418	0
1075	-419	0
1074	-420	0
1074	-421	0
1073	-422	0
1072	-423	0
1072	-424	0
1071	-425	0
1071	-426	0
1070	-427	0
1069	-428	0
1069	-429	0
1068	-430	0
1067	-431	0
1067	-432	0
1066	-433	0
1065	-434	0
1065	-435	0
1064	-436	0
1063	-437	0
1063	-438	0
1062	-439	0
1061	-440	0
1061	-441	0
1060	-442	0
1060	-443	0
1059	-444	0
1058	-445	0
1058	-446	0
1057	-447	0
1056	-448	0
1056	-449	0
1055	-450	0
1054	-451	0
1054	-452	0
1053	-453	0
1052	-454	0
1052	-455	0
1051	-456	0
1050	-457	0
1050	-458	0
1049	-459	0
1049	-460	0
1048	-461	0
1047	-462	0
1047	-463	0
1046	-464	0
1045	-465	0
1045	-466	0
1044	-467	0
1043	-468	0
1043	-469	0
1042	-470	0
1041	-471	0
1041	-472	0
1040	-473	0
1039	-474	0
1039	-475	0
1038	-476	0
1038	-477	0
1037	-478	0
1036	-479	0
1036	-480	0
1035	-481	0
1034	-482	0
1034	-483	0
1033	-484	0
1032	-485	0
1032	-486	0
1031	-487	0
1030	-488	0
1030	-489	0
1029	-490	0
1028	-491	0
1028	-492	0
1027	-493	0
1027	-494	0
1026	-495	0
1025	-496	0
1025	-497	0
1024	-498	0
1023	-499	0
1023	-500	0
1022	-501	0
1021	-502	0
1021	-503	0
1020	-504	0
1019	-505	0
1019	-506	0
1018	-507	0
1017	-508	0
1017	-509	0
1016	-510	0
1016	-511	0
1015	-512	0
1014	-513	0
1014	-514	0
1013	-515	0
1012	-516	0
918	-149	0
919	-150	0
920	-151	0
921	-152	0
922	-153	0
923	-154	0
924	-155	0
925	-156	0
926	-157	0
927	-158	0
928	-159	0
929	-160	0
930	-161	0
931	-162	0
932	-163	0
933	-164	0
934	-165	0
935	-166	0
936	-167	0
937	-168	0
938	-169	0
939	-170	0
940	-171	0
941	-172	0
942	-173	0
944	-174	0
945	-175	0
946	-176	0
947	-177	0
948	-178	0
949	-179	0
950	-180	0
951	-181	0
952	-182	0
953	-183	0
954	-184	0
955	-185	0
956	-186	0
957	-187	0
958	-188	0
959	-189	0
960	-190	0
961	-191	0
962	-192	0
963	-193	0
964	-194	0
965	-195	0
966	-196	0
967	-197	0
969	-198	0
970	-199	0
971	-200	0
972	-201	0
973	-202	0
974	-203	0
975	-204	0
976	-205	0
977	-206	0
978	-207	0
979	-208	0
980	-209	0
981	-210	0
982	-211	0
983	-212	0
984	-213	0
985	-214	0
986	-215	0
987	-216	0
988	-217	0
989	-218	0
990	-219	0
991	-220	0
992	-221	0
993	-222	0
995	-223	0
996	-224	0
997	-225	0
998	-226	0
999	-227	0
1000	-228	0
1001	-229	0
1002	-230	0
1003	-231	0
1004	-232	0
1005	-233	0
1006	-234	0
1007	-235	0
1008	-236	0
1009	-237	0
1010	-238	0
1011	-239	0
1012	-240	0
1013	-241	0
1014	-242	0
1015	-243	0
1016	-244	0
1017	-245	0
1018	-246	0
1020	-247	0
1021	-248	0
1022	-249	0
1023	-250	0
1024	-251	0
1025	-252	0
1026	-253	0
1027	-254	0
1028	-255	0
1029	-256	0
1030	-257	0
1031	-258	0
1032	-259	0
1033	-260	0
1034	-261	0
1035	-262	0
1036	-263	0
1037	-264	0
1038	-265	0
1039	-266	0
1040	-267	0
1041	-268	0
1042	-269	0
1043	-270	0
1044	-271	0
1046	-272	0
1047	-273	0
1048	-274	0
1049	-275	0
1050	-276	0
1051	-277	0
1052	-278	0
1053	-279	0
1054	-280	0
1055	-281	0
1056	-282	0
1057	-283	0
1058	-284	0
1059	-285	0
1060	-286	0
1061	-287	0
1062	-288	0
1063	-289	0
1064	-290	0
1065	-291	0
1066	-292	0
1067	-293	0
1068	-294	0
1069	-295	0
1070	-296	0
1072	-297	0
1073	-298	0
1074	-299	0
1075	-300	0
1076	-301	0
1077	-302	0
1078	-303	0
1079	-304	0
1080	-305	0
1081	-306	0
1082	-307	0
1083	-308	0
1084	-309	0
1085	-310	0
1086	-311	0
1087	-312	0
1088	-313	0
1089	-314	0
1090	-315	0
1091	-316	0
1092	-317	0
1093	-318	0
1094	-319	0
1095	-320	0
1097	-321	0
1098	-322	0
1099	-323	0
1100	-324	0
1101	-325	0
1102	-326	0
1103	-327	0
1104	-328	0
1105	-329	0
1106	-330	0
1107	-331	0
1108	-332	0
1109	-333	0
1110	-334	0
1111	-335	0
1112	-336	0
1113	-337	0
1114	-338	0
1115	-339	0
1116	-340	0
1117	-341	0
1118	-342	0
1119	-343	0
1120	-344	0
1121	-345	0
1122	-346	0
918	-149	0
920	-150	0
922	-151	0
924	-152	0
926	-153	0
929	-154	0
931	-155	0
933	-156	0
935	-157	0
937	-158	0
939	-159	0
941	-160	0
943	-161	0
945	-162	0
947	-163	0
950	-164	0
952	-165	0
954	-166	0
956	-167	0
958	-168	0
960	-169	0
962	-170	0
964	-171	0
966	-172	0
968	-173	0
971	-174	0
973	-175	0
975	-176	0
977	-177	0
979	-178	0
981	-179	0
983	-180	0
985	-181	0
987	-182	0
989	-183	0
992	-184	0
994	-185	0
996	-186	0
998	-187	0
1000	-188	0
1002	-189	0
1004	-190	0
1006	-191	0
1008	-192	0
1010	-193	0
1013	-194	0
1015	-195	0
1017	-196	0
1019	-197	0
1021	-198	0
1023	-199	0
1025	-200	0
1027	-201	0
1029	-202	0
1031	-203	0
1033	-204	0
1036	-205	0
1038	-206	0
1040	-207	0
1042	-208	0
1044	-209	0
1046	-210	0
1048	-211	0
1050	-212	0
1052	-213	0
1054	-214	0
1057	-215	0
1059	-216	0
1061	-217	0
1063	-218	0
1065	-219	0
1067	-220	0
1069	-221	0
1071	-222	0
1073	-223	0
1075	-224	0
1078	-225	0
1080	-226	0
1082	-227	0
1084	-228	0
1086	-229	0
1088	-230	0
1090	-231	0
1092	-232	0
1094	-233	0
1096	-234	0
1099	-235	0
1101	-236	0
1103	-237	0
1105	-238	0
1107	-239	0
1108	-240	0
1108	-241	0
1108	-242	0
1108	-243	0
1109	-244	0
1109	-245	0
1109	-246	0
1109	-247	0
1109	-248	0
1109	-249	0
1109	-250	0
1110	-251	0
1110	-252	0
1110	-253	0
1110	-254	0
1110	-255	0
1110	-256	0
1110	-257	0
1110	-258	0
1111	-259	0
1111	-260	0
1111	-261	0
1111	-262	0
1111	-263	0
1111	-264	0
1111	-265	0
1112	-266	0
1112	-267	0
1112	-268	0
1112	-269	0
1112	-270	0
1112	-271	0
1112	-272	0
1112	-273	0
1113	-274	0
1113	-275	0
1113	-276	0
1113	-277	0
1113	-278	0
1113	-279	0
1113	-280	0
1113	-281	0
1114	-282	0
1114	-283	0
1114	-284	0
1114	-285	0
1114	-286	0
1114	-287	0
1114	-288	0
1115	-289	0
1115	-290	0
1115	-291	0
1115	-292	0
1115	-293	0
1115	-294	0
1115	-295	0
1115	-296	0
1116	-297	0
1116	-298	0
1116	-299	0
1116	-300	0
1116	-301	0
1116	-302	0
1116	-303	0
1117	-304	0
1117	-305	0
1117	-306	0
1117	-307	0
1117	-308	0
1117	-309	0
1117	-310	0
1117	-311	0
1118	-312	0
1118	-313	0
1118	-314	0
1118	-315	0
1118	-316	0
1118	-317	0
1118	-318	0
1119	-319	0
1119	-320	0
1119	-321	0
1119	-322	0
1119	-323	0
1119	-324	0
1119	-325	0
1119	-326	0
1120	-327	0
1120	-328	0
1120	-329	0
1120	-330	0
1120	-331	0
1120	-332	0
1120	-333	0
1120	-334	0
1121	-335	0
1121	-336	0
1121	-337	0
1121	-338	0
1121	-339	0
1121	-340	0
1121	-341	0
1122	-342	0
1122	-343	0
1122	-344	0
1122	-345	0
1122	-346	0
917	-149	0
917	-150	0
916	-151	0
916	-152	0
916	-153	0
915	-154	0
915	-155	0
915	-156	0
914	-157	0
914	-158	0
913	-159	0
913	-160	0
913	-161	0
912	-162	0
912	-163	0
912	-164	0
911	-165	0
911	-166	0
910	-167	0
910	-168	0
910	-169	0
909	-170	0
909	-171	0
909	-172	0
908	-173	0
908	-174	0
907	-175	0
907	-176	0
907	-177	0
906	-178	0
906	-179	0
906	-180	0
905	-181	0
905	-182	0
904	-183	0
904	-184	0
904	-185	0
903	-186	0
903	-187	0
903	-188	0
902	-189	0
902	-190	0
901	-191	0
901	-192	0
901	-193	0
900	-194	0
900	-195	0
900	-196	0
899	-197	0
899	-198	0
898	-199	0
898	-200	0
898	-201	0
897	-202	0
897	-203	0
897	-204	0
896	-205	0
896	-206	0
895	-207	0
895	-208	0
895	-209	0
894	-210	0
894	-211	0
894	-212	0
893	-213	0
893	-214	0
892	-215	0
892	-216	0
892	-217	0
891	-218	0
891	-219	0
891	-220	0
890	-221	0
890	-222	0
890	-223	0
889	-224	0
889	-225	0
888	-226	0
888	-227	0
888	-228	0
887	-229	0
887	-230	0
887	-231	0
886	-232	0
886	-233	0
885	-234	0
885	-235	0
885	-236	0
884	-237	0
884	-238	0
884	-239	0
883	-240	0
883	-241	0
882	-242	0
882	-243	0
882	-244	0
881	-245	0
881	-246	0
881	-247	0
880	-248	0
880	-249	0
879	-250	0
879	-251	0
879	-252	0
878	-253	0
878	-254	0
878	-255	0
877	-256	0
877	-257	0
876	-258	0
876	-259	0
876	-260	0
875	-261	0
875	-262	0
875	-263	0
874	-264	0
874	-265	0
873	-266	0
873	-267	0
873	-268	0
872	-269	0
872	-270	0
872	-271	0
871	-272	0
871	-273	0
870	-274	0
870	-275	0
870	-276	0
869	-277	0
869	-278	0
869	-279	0
868	-280	0
868	-281	0
867	-282	0
867	-283	0
867	-284	0
866	-285	0
866	-286	0
866	-287	0
865	-288	0
865	-289	0
864	-290	0
864	-291	0
864	-292	0
863	-293	0
863	-294	0
863	-295	0
862	-296	0
862	-297	0
861	-298	0
861	-299	0
861	-300	0
860	-301	0
860	-302	0
860	-303	0
859	-304	0
859	-305	0
858	-306	0
858	-307	0
858	-308	0
857	-309	0
857	-310	0
857	-311	0
856	-312	0
856	-313	0
855	-314	0
855	-315	0
855	-316	0
854	-317	0
854	-318	0
854	-319	0
853	-320	0
853	-321	0
852	-322	0
852	-323	0
852	-324	0
851	-325	0
851	-326	0
851	-327	0
850	-328	0
850	-329	0
849	-330	0
849	-331	0
849	-332	0
848	-333	0
848	-334	0
848	-335	0
847	-336	0
847	-337	0
846	-338	0
846	-339	0
846	-340	0
845	-341	0
845	-342	0
845	-343	0
844	-344	0
844	-345	0
843	-346	0
843	-347	0
843	-348	0
842	-349	0
842	-350	0
842	-351	0
841	-352	0
841	-353	0
840	-354	0
840	-355	0
840	-356	0
839	-357	0
839	-358	0
839	-359	0
838	-360	0
838	-361	0
837	-362	0
837	-363	0
837	-364	0
836	-365	0
836	-366	0
836	-367	0
835	-368	0
835	-369	0
835	-370	0
834	-371	0
834	-372	0
833	-373	0
833	-374	0
833	-375	0
832	-376	0
832	-377	0
832	-378	0
831	-379	0
831	-380	0
830	-381	0
830	-382	0
830	-383	0
829	-384	0
829	-385	0
829	-386	0
828	-387	0
828	-388	0
827	-389	0
827	-390	0
827	-391	0
826	-392	0
826	-393	0
826	-394	0
825	-395	0
825	-396	0
824	-397	0
824	-398	0
824	-399	0
823	-400	0
823	-401	0
823	-402	0
822	-403	0
822	-404	0
821	-405	0
821	-406	0
821	-407	0
820	-408	0
820	-409	0
820	-410	0
819	-411	0
819	-412	0
818	-413	0
818	-414	0
818	-415	0
817	-416	0
817	-417	0
817	-418	0
816	-419	0
816	-420	0
815	-421	0
815	-422	0
815	-423	0
814	-424	0
814	-425	0
814	-426	0
813	-427	0
813	-428	0
812	-429	0
812	-430	0
812	-431	0
811	-432	0
811	-433	0
811	-434	0
810	-435	0
917	-149	0
917	-150	0
917	-151	0
917	-152	0
916	-153	0
916	-154	0
916	-155	0
916	-156	0
916	-157	0
915	-158	0
915	-159	0
915	-160	0
915	-161	0
915	-162	0
915	-163	0
914	-164	0
914	-165	0
914	-166	0
914	-167	0
914	-168	0
914	-169	0
913	-170	0
913	-171	0
913	-172	0
913	-173	0
913	-174	0
912	-175	0
912	-176	0
912	-177	0
912	-178	0
912	-179	0
912	-180	0
911	-181	0
911	-182	0
911	-183	0
911	-184	0
911	-185	0
911	-186	0
910	-187	0
910	-188	0
910	-189	0
910	-190	0
910	-191	0
909	-192	0
909	-193	0
909	-194	0
909	-195	0
909	-196	0
909	-197	0
908	-198	0
908	-199	0
908	-200	0
908	-201	0
908	-202	0
908	-203	0
907	-204	0
907	-205	0
907	-206	0
907	-207	0
907	-208	0
906	-209	0
906	-210	0
906	-211	0
906	-212	0
906	-213	0
906	-214	0
905	-215	0
905	-216	0
905	-217	0
905	-218	0
905	-219	0
905	-220	0
904	-221	0
904	-222	0
904	-223	0
904	-224	0
904	-225	0
903	-226	0
903	-227	0
903	-228	0
903	-229	0
903	-230	0
903	-231	0
902	-232	0
902	-233	0
902	-234	0
902	-235	0
902	-236	0
902	-237	0
901	-238	0
901	-239	0
901	-240	0
901	-241	0
901	-242	0
900	-243	0
900	-244	0
900	-245	0
900	-246	0
899	-247	0
899	-248	0
898	-249	0
898	-250	0
897	-251	0
897	-252	0
896	-253	0
896	-254	0
895	-255	0
895	-256	0
895	-257	0
894	-258	0
894	-259	0
893	-260	0
893	-261	0
892	-262	0
892	-263	0
891	-264	0
891	-265	0
890	-266	0
890	-267	0
889	-268	0
889	-269	0
888	-270	0
888	-271	0
887	-272	0
887	-273	0
886	-274	0
886	-275	0
886	-276	0
885	-277	0
885	-278	0
884	-279	0
884	-280	0
883	-281	0
883	-282	0
882	-283	0
882	-284	0
881	-285	0
881	-286	0
880	-287	0
880	-288	0
879	-289	0
879	-290	0
878	-291	0
878	-292	0
877	-293	0
877	-294	0
877	-295	0
876	-296	0
876	-297	0
875	-298	0
875	-299	0
874	-300	0
874	-301	0
873	-302	0
873	-303	0
872	-304	0
872	-305	0
871	-306	0
871	-307	0
870	-308	0
870	-309	0
869	-310	0
869	-311	0
868	-312	0
868	-313	0
868	-314	0
867	-315	0
867	-316	0
866	-317	0
866	-318	0
865	-319	0
865	-320	0
864	-321	0
864	-322	0
863	-323	0
863	-324	0
862	-325	0
862	-326	0
861	-327	0
861	-328	0
860	-329	0
860	-330	0
859	-331	0
859	-332	0
859	-333	0
858	-334	0
858	-335	0
857	-336	0
857	-337	0
856	-338	0
856	-339	0
855	-340	0
855	-341	0
854	-342	0
854	-343	0
853	-344	0
853	-345	0
852	-346	0
852	-347	0
851	-348	0
851	-349	0
850	-350	0
850	-351	0
850	-352	0
849	-353	0
849	-354	0
848	-355	0
848	-356	0
847	-357	0
847	-358	0
846	-359	0
846	-360	0
845	-361	0
845	-362	0
844	-363	0
844	-364	0
843	-365	0
843	-366	0
842	-367	0
842	-368	0
841	-369	0
841	-370	0
841	-371	0
840	-372	0
840	-373	0
839	-374	0
839	-375	0
838	-376	0
838	-377	0
837	-378	0
837	-379	0
836	-380	0
836	-381	0
835	-382	0
835	-383	0
834	-384	0
834	-385	0
833	-386	0
833	-387	0
832	-388	0
832	-389	0
832	-390	0
831	-391	0
831	-392	0
830	-393	0
830	-394	0
829	-395	0
829	-396	0
828	-397	0
828	-398	0
827	-399	0
827	-400	0
826	-401	0
826	-402	0
825	-403	0
825	-404	0
824	-405	0
824	-406	0
823	-407	0
823	-408	0
823	-409	0
822	-410	0
822	-411	0
821	-412	0
821	-413	0
820	-414	0
820	-415	0
819	-416	0
819	-417	0
818	-418	0
818	-419	0
817	-420	0
817	-421	0
816	-422	0
816	-423	0
815	-424	0
815	-425	0
814	-426	0
814	-427	0
814	-428	0
813	-429	0
813	-430	0
812	-431	0
812	-432	0
811	-433	0
811	-434	0
810	-435	0
453	-933	0
452	-934	0
451	-935	0
450	-936	0
449	-937	0
447	-938	0
446	-939	0
445	-940	0
443	-941	0
442	-942	0
441	-943	0
440	-944	0
438	-945	0
437	-946	0
436	-947	0
434	-948	0
433	-949	0
432	-950	0
431	-951	0
429	-952	0
428	-953	0
427	-954	0
426	-955	0
424	-956	0
423	-957	0
422	-958	0
420	-959	0
419	-960	0
418	-961	0
417	-962	0
415	-963	0
414	-964	0
413	-965	0
411	-966	0
410	-967	0
409	-968	0
408	-969	0
406	-970	0
405	-971	0
404	-972	0
402	-973	0
401	-974	0
400	-975	0
399	-976	0
397	-977	0
396	-978	0
395	-979	0
394	-980	0
392	-981	0
391	-982	0
390	-983	0
388	-984	0
387	-985	0
386	-986	0
385	-987	0
383	-988	0
382	-989	0
381	-990	0
379	-991	0
378	-992	0
377	-993	0
376	-994	0
374	-995	0
373	-996	0
372	-997	0
371	-998	0
369	-999	0
368	-1000	0
367	-1001	0
365	-1002	0
364	-1003	0
363	-1004	0
362	-1005	0
360	-1006	0
359	-1007	0
358	-1008	0
356	-1009	0
355	-1010	0
354	-1011	0
353	-1012	0
351	-1013	0
350	-1014	0
349	-1015	0
347	-1016	0
346	-1017	0
345	-1018	0
344	-1019	0
342	-1020	0
341	-1021	0
340	-1022	0
339	-1023	0
337	-1024	0
336	-1025	0
335	-1026	0
333	-1027	0
332	-1028	0
331	-1029	0
330	-1030	0
328	-1031	0
327	-1032	0
326	-1033	0
324	-1034	0
323	-1035	0
322	-1036	0
321	-1037	0
319	-1038	0
318	-1039	0
317	-1040	0
316	-1041	0
314	-1042	0
313	-1043	0
312	-1044	0
310	-1045	0
309	-1046	0
308	-1047	0
307	-1048	0
305	-1049	0
304	-1050	0
303	-1051	0
301	-1052	0
300	-1053	0
299	-1054	0
298	-1055	0
296	-1056	0
295	-1057	0
294	-1058	0
292	-1059	0
291	-1060	0
290	-1061	0
289	-1062	0
287	-1063	0
286	-1064	0
285	-1065	0
284	-1066	0
282	-1067	0
281	-1068	0
280	-1069	0
278	-1070	0
277	-1071	0
276	-1072	0
275	-1073	0
273	-1074	0
272	-1075	0
271	-1076	0
269	-1077	0
268	-1078	0
267	-1079	0
266	-1080	0
454	-933	0
455	-934	0
457	-935	0
459	-936	0
460	-937	0
462	-938	0
464	-939	0
465	-940	0
467	-941	0
468	-942	0
470	-943	0
472	-944	0
473	-945	0
475	-946	0
476	-947	0
478	-948	0
480	-949	0
481	-950	0
483	-951	0
485	-952	0
486	-953	0
488	-954	0
489	-955	0
491	-956	0
493	-957	0
494	-958	0
496	-959	0
498	-960	0
499	-961	0
501	-962	0
502	-963	0
504	-964	0
506	-965	0
507	-966	0
509	-967	0
510	-968	0
512	-969	0
514	-970	0
515	-971	0
517	-972	0
519	-973	0
520	-974	0
522	-975	0
523	-976	0
525	-977	0
527	-978	0
528	-979	0
530	-980	0
532	-981	0
533	-982	0
535	-983	0
536	-984	0
538	-985	0
540	-986	0
541	-987	0
543	-988	0
544	-989	0
546	-990	0
548	-991	0
549	-992	0
551	-993	0
553	-994	0
554	-995	0
556	-996	0
557	-997	0
559	-998	0
561	-999	0
562	-1000	0
564	-1001	0
566	-1002	0
567	-1003	0
569	-1004	0
570	-1005	0
572	-1006	0
574	-1007	0
575	-1008	0
577	-1009	0
578	-1010	0
580	-1011	0
582	-1012	0
583	-1013	0
585	-1014	0
587	-1015	0
588	-1016	0
590	-1017	0
591	-1018	0
593	-1019	0
595	-1020	0
596	-1021	0
598	-1022	0
600	-1023	0
601	-1024	0
603	-1025	0
604	-1026	0
606	-1027	0
608	-1028	0
609	-1029	0
611	-1030	0
612	-1031	0
614	-1032	0
616	-1033	0
617	-1034	0
619	-1035	0
621	-1036	0
622	-1037	0
624	-1038	0
625	-1039	0
627	-1040	0
629	-1041	0
630	-1042	0
632	-1043	0
634	-1044	0
635	-1045	0
637	-1046	0
638	-1047	0
640	-1048	0
642	-1049	0
643	-1050	0
645	-1051	0
646	-1052	0
648	-1053	0
650	-1054	0
651	-1055	0
653	-1056	0
655	-1057	0
656	-1058	0
658	-1059	0
659	-1060	0
661	-1061	0
663	-1062	0
664	-1063	0
666	-1064	0
668	-1065	0
669	-1066	0
671	-1067	0
672	-1068	0
674	-1069	0
676	-1070	0
677	-1071	0
679	-1072	0
680	-1073	0
682	-1074	0
684	-1075	0
685	-1076	0
687	-1077	0
689	-1078	0
690	-1079	0
691	-1080	0
960	-933	0
960	-934	0
960	-935	0
960	-936	0
960	-937	0
960	-938	0
960	-939	0
960	-940	0
960	-941	0
960	-942	0
960	-943	0
960	-944	0
960	-945	0
960	-946	0
960	-947	0
960	-948	0
960	-949	0
960	-950	0
960	-951	0
960	-952	0
960	-953	0
960	-954	0
960	-955	0
960	-956	0
960	-957	0
960	-958	0
960	-959	0
960	-960	0
960	-961	0
960	-962	0
960	-963	0
960	-964	0
960	-965	0
960	-966	0
960	-967	0
960	-968	0
960	-969	0
960	-970	0
960	-971	0
960	-972	0
960	-973	0
960	-974	0
960	-975	0
960	-976	0
960	-977	0
960	-978	0
960	-979	0
960	-980	0
960	-981	0
960	-982	0
960	-983	0
960	-984	0
960	-985	0
960	-986	0
960	-987	0
960	-988	0
960	-989	0
960	-990	0
960	-991	0
960	-992	0
960	-993	0
960	-994	0
960	-995	0
960	-996	0
960	-997	0
960	-998	0
960	-999	0
960	-1000	0
960	-1001	0
960	-1002	0
960	-1003	0
960	-1004	0
960	-1005	0
960	-1006	0
960	-1007	0
960	-1008	0
960	-1009	0
960	-1010	0
960	-1011	0
960	-1012	0
960	-1013	0
960	-1014	0
960	-1015	0
960	-1016	0
960	-1017	0
960	-1018	0
960	-1019	0
960	-1020	0
960	-1021	0
960	-1022	0
960	-1023	0
960	-1024	0
960	-1025	0
960	-1026	0
960	-1027	0
960	-1028	0
960	-1029	0
960	-1030	0
960	-1031	0
960	-1032	0
960	-1033	0
960	-1034	0
960	-1035	0
960	-1036	0
960	-1037	0
960	-1038	0
960	-1039	0
960	-1040	0
960	-1041	0
960	-1042	0
960	-1043	0
960	-1044	0
960	-1045	0
960	-1046	0
960	-1047	0
960	-1048	0
960	-1049	0
960	-1050	0
960	-1051	0
960	-1052	0
960	-1053	0
960	-1054	0
960	-1055	0
960	-1056	0
960	-1057	0
960	-1058	0
960	-1059	0
960	-1060	0
960	-1061	0
960	-1062	0
960	-1063	0
960	-1064	0
960	-1065	0
960	-1066	0
960	-1067	0
960	-1068	0
960	-1069	0
960	-1070	0
960	-1071	0
960	-1072	0
960	-1073	0
960	-1074	0
960	-1075	0
960	-1076	0
960	-1077	0
960	-1078	0
960	-1079	0
960	-1080	0
961	-933	0
964	-934	0
967	-935	0
970	-936	0
973	-937	0
976	-938	0
979	-939	0
982	-940	0
985	-941	0
988	-942	0
990	-943	0
993	-944	0
996	-945	0
999	-946	0
1002	-947	0
1005	-948	0
1008	-949	0
1011	-950	0
1014	-951	0
1017	-952	0
1019	-953	0
1022	-954	0
1025	-955	0
1028	-956	0
1031	-957	0
1034	-958	0
1037	-959	0
1040	-960	0
1043	-961	0
1045	-962	0
1048	-963	0
1051	-964	0
1054	-965	0
1057	-966	0
1060	-967	0
1063	-968	0
1066	-969	0
1069	-970	0
1072	-971	0
1074	-972	0
1077	-973	0
1080	-974	0
1083	-975	0
1086	-976	0
1089	-977	0
1092	-978	0
1095	-979	0
1098	-980	0
1101	-981	0
1103	-982	0
1106	-983	0
1109	-984	0
1112	-985	0
1115	-986	0
1118	-987	0
1121	-988	0
1124	-989	0
1127	-990	0
1130	-991	0
1132	-992	0
1135	-993	0
1138	-994	0
1141	-995	0
1144	-996	0
1147	-997	0
1150	-998	0
1153	-999	0
1156	-1000	0
1159	-1001	0
1161	-1002	0
1164	-1003	0
1167	-1004	0
1170	-1005	0
1173	-1006	0
1176	-1007	0
1179	-1008	0
1182	-1009	0
1185	-1010	0
1187	-1011	0
1190	-1012	0
1193	-1013	0
1196	-1014	0
1199	-1015	0
1202	-1016	0
1205	-1017	0
1208	-1018	0
1211	-1019	0
1214	-1020	0
1216	-1021	0
1219	-1022	0
1222	-1023	0
1225	-1024	0
1228	-1025	0
1231	-1026	0
1234	-1027	0
1237	-1028	0
1240	-1029	0
1243	-1030	0
1245	-1031	0
1248	-1032	0
1251	-1033	0
1254	-1034	0
1257	-1035	0
1260	-1036	0
1263	-1037	0
1266	-1038	0
1269	-1039	0
1272	-1040	0
1274	-1041	0
1277	-1042	0
1280	-1043	0
1283	-1044	0
1286	-1045	0
1289	-1046	0
1292	-1047	0
1295	-1048	0
1298	-1049	0
1301	-1050	0
1303	-1051	0
1306	-1052	0
1309	-1053	0
1312	-1054	0
1315	-1055	0
1318	-1056	0
1321	-1057	0
1324	-1058	0
1327	-1059	0
1329	-1060	0
1332	-1061	0
1335	-1062	0
1338	-1063	0
1341	-1064	0
1344	-1065	0
1347	-1066	0
1350	-1067	0
1353	-1068	0
1356	-1069	0
1358	-1070	0
1361	-1071	0
1364	-1072	0
1367	-1073	0
1370	-1074	0
1373	-1075	0
1376	-1076	0
1379	-1077	0
1382	-1078	0
1385	-1079	0
1386	-1080	0
1468	-933	0
1469	-934	0
1470	-935	0
1471	-936	0
1473	-937	0
1474	-938	0
1475	-939	0
1477	-940	0
1478	-941	0
1479	-942	0
1480	-943	0
1482	-944	0
1483	-945	0
1484	-946	0
1486	-947	0
1487	-948	0
1488	-949	0
1489	-950	0
1491	-951	0
1492	-952	0
1493	-953	0
1494	-954	0
1496	-955	0
1497	-956	0
1498	-957	0
1500	-958	0
1501	-959	0
1502	-960	0
1503	-961	0
1505	-962	0
1506	-963	0
1507	-964	0
1509	-965	0
1510	-966	0
1511	-967	0
1512	-968	0
1514	-969	0
1515	-970	0
1516	-971	0
1518	-972	0
1519	-973	0
1520	-974	0
1521	-975	0
1523	-976	0
1524	-977	0
1525	-978	0
1526	-979	0
1528	-980	0
1529	-981	0
1530	-982	0
1532	-983	0
1533	-984	0
1534	-985	0
1535	-986	0
1537	-987	0
1538	-988	0
1539	-989	0
1541	-990	0
1542	-991	0
1543	-992	0
1544	-993	0
1546	-994	0
1547	-995	0
1548	-996	0
1549	-997	0
1551	-998	0
1552	-999	0
1553	-1000	0
1555	-1001	0
1556	-1002	0
1557	-1003	0
1558	-1004	0
1560	-1005	0
1561	-1006	0
1562	-1007	0
1564	-1008	0
1565	-1009	0
1566	-1010	0
1567	-1011	0
1569	-1012	0
1570	-1013	0
1571	-1014	0
1573	-1015	0
1574	-1016	0
1575	-1017	0
1576	-1018	0
1578	-1019	0
1579	-1020	0
1580	-1021	0
1581	-1022	0
1583	-1023	0
1584	-1024	0
1585	-1025	0
1587	-1026	0
1588	-1027	0
1589	-1028	0
1590	-1029	0
1592	-1030	0
1593	-1031	0
1594	-1032	0
1596	-1033	0
1597	-1034	0
1598	-1035	0
1599	-1036	0
1601	-1037	0
1602	-1038	0
1603	-1039	0
1604	-1040	0
1606	-1041	0
1607	-1042	0
1608	-1043	0
1610	-1044	0
1611	-1045	0
1612	-1046	0
1613	-1047	0
1615	-1048	0
1616	-1049	0
1617	-1050	0
1619	-1051	0
1620	-1052	0
1621	-1053	0
1622	-1054	0
1624	-1055	0
1625	-1056	0
1626	-1057	0
1628	-1058	0
1629	-1059	0
1630	-1060	0
1631	-1061	0
1633	-1062	0
1634	-1063	0
1635	-1064	0
1636	-1065	0
1638	-1066	0
1639	-1067	0
1640	-1068	0
1642	-1069	0
1643	-1070	0
1644	-1071	0
1645	-1072	0
1647	-1073	0
1648	-1074	0
1649	-1075	0
1651	-1076	0
1652	-1077	0
1653	-1078	0
1654	-1079	0
1655	-1080	0
1469	-933	0
1473	-934	0
1477	-935	0
1482	-936	0
1486	-937	0
1490	-938	0
1494	-939	0
1498	-940	0
1503	-941	0
1507	-942	0
1511	-943	0
1515	-944	0
1519	-945	0
1524	-946	0
1528	-947	0
1532	-948	0
1536	-949	0
1540	-950	0
1545	-951	0
1549	-952	0
1553	-953	0
1557	-954	0
1561	-955	0
1566	-956	0
1570	-957	0
1574	-958	0
1578	-959	0
1582	-960	0
1587	-961	0
1591	-962	0
1595	-963	0
1599	-964	0
1603	-965	0
1608	-966	0
1612	-967	0
1616	-968	0
1620	-969	0
1624	-970	0
1628	-971	0
1633	-972	0
1637	-973	0
1641	-974	0
1645	-975	0
1649	-976	0
1654	-977	0
1658	-978	0
1662	-979	0
1666	-980	0
1670	-981	0
1675	-982	0
1679	-983	0
1683	-984	0
1687	-985	0
1691	-986	0
1696	-987	0
1700	-988	0
1704	-989	0
1708	-990	0
1712	-991	0
1717	-992	0
1721	-993	0
1725	-994	0
1729	-995	0
1733	-996	0
1738	-997	0
1742	-998	0
1746	-999	0
1750	-1000	0
1754	-1001	0
1759	-1002	0
1763	-1003	0
1767	-1004	0
1771	-1005	0
1775	-1006	0
1779	-1007	0
1784	-1008	0
1788	-1009	0
1792	-1010	0
1796	-1011	0
1800	-1012	0
1805	-1013	0
1809	-1014	0
1813	-1015	0
1817	-1016	0
1821	-1017	0
1826	-1018	0
1830	-1019	0
1834	-1020	0
1838	-1021	0
1842	-1022	0
1847	-1023	0
1851	-1024	0
1855	-1025	0
1859	-1026	0
1863	-1027	0
1868	-1028	0
1872	-1029	0
1876	-1030	0
1880	-1031	0
1884	-1032	0
1889	-1033	0
1893	-1034	0
1897	-1035	0
1901	-1036	0
1905	-1037	0
1910	-1038	0
1914	-1039	0
1918	-1040	0
1920	-1041	0
1920	-1042	0
1920	-1043	0
1920	-1044	0
1920	-1045	0
1920	-1046	0
1920	-1047	0
1920	-1048	0
1920	-1049	0
1920	-1050	0
1920	-1051	0
1920	-1052	0
1920	-1053	0
1920	-1054	0
1920	-1055	0
1920	-1056	0
1920	-1057	0
1920	-1058	0
1920	-1059	0
1920	-1060	0
1920	-1061	0
1920	-1062	0
1920	-1063	0
1920	-1064	0
1920	-1065	0
1920	-1066	0
1920	-1067	0
1920	-1068	0
1920	-1069	0
1920	-1070	0
1920	-1071	0
1920	-1072	0
1920	-1073	0
1920	-1074	0
1920	-1075	0
1920	-1076	0
1920	-1077	0
1920	-1078	0
1920	-1079	0
1920	-1080	0
1920	-933	0
1920	-934	0
1920	-935	0
1920	-936	0
1920	-937	0
1920	-938	0
1920	-939	0
1920	-940	0
1920	-941	0
1920	-942	0
1920	-943	0
1920	-944	0
1920	-945	0
1920	-946	0
1920	-947	0
1920	-948	0
1920	-949	0
1920	-950	0
1920	-951	0
1920	-952	0
1920	-953	0
1920	-954	0
1920	-955	0
1920	-956	0
1920	-957	0
1920	-958	0
1920	-959	0
1920	-960	0
1920	-961	0
1920	-962	0
1920	-963	0
1920	-964	0
1920	-965	0
1920	-966	0
1920	-967	0
1920	-968	0
1920	-969	0
1920	-970	0
1920	-971	0
1920	-972	0
1920	-973	0
1920	-974	0
1920	-975	0
1920	-976	0
1920	-977	0
1920	-978	0
1920	-979	0
1920	-980	0
1920	-981	0
1920	-982	0
1920	-983	0
1920	-984	0
1920	-985	0
1920	-986	0
1920	-987	0
1920	-988	0
1920	-989	0
1920	-990	0
1920	-991	0
1920	-992	0
1920	-993	0
1920	-994	0
1920	-995	0
1920	-996	0
1920	-997	0
1920	-998	0
1920	-999	0
1920	-1000	0
1920	-1001	0
1920	-1002	0
1920	-1003	0
1920	-1004	0
1920	-1005	0
1920	-1006	0
1920	-1007	0
1920	-1008	0
1920	-1009	0
1920	-1010	0
1920	-1011	0
1920	-1012	0
1920	-1013	0
1920	-1014	0
1920	-1015	0
1920	-1016	0
1920	-1017	0
1920	-1018	0
1920	-1019	0
1920	-1020	0
1920	-1021	0
1920	-1022	0
1920	-1023	0
1920	-1024	0
1920	-1025	0
1920	-1026	0
1920	-1027	0
1920	-1028	0
1920	-1029	0
1920	-1030	0
1920	-1031	0
1920	-1032	0
1920	-1033	0
1920	-1034	0
1920	-1035	0
1920	-1036	0
1920	-1037	0
1920	-1038	0
1920	-1039	0
1920	-1040	0
1920	-1041	0
258	-813	0
257	-814	0
254	-815	0
252	-816	0
249	-817	0
246	-818	0
244	-819	0
241	-820	0
239	-821	0
236	-822	0
233	-823	0
231	-824	0
228	-825	0
226	-826	0
223	-827	0
221	-828	0
218	-829	0
215	-830	0
213	-831	0
210	-832	0
208	-833	0
205	-834	0
203	-835	0
200	-836	0
197	-837	0
195	-838	0
192	-839	0
190	-840	0
187	-841	0
184	-842	0
182	-843	0
179	-844	0
177	-845	0
174	-846	0
172	-847	0
169	-848	0
166	-849	0
164	-850	0
161	-851	0
159	-852	0
156	-853	0
154	-854	0
151	-855	0
148	-856	0
146	-857	0
143	-858	0
141	-859	0
138	-860	0
135	-861	0
133	-862	0
130	-863	0
128	-864	0
125	-865	0
123	-866	0
120	-867	0
117	-868	0
115	-869	0
112	-870	0
110	-871	0
107	-872	0
104	-873	0
102	-874	0
99	-875	0
97	-876	0
94	-877	0
92	-878	0
89	-879	0
86	-880	0
84	-881	0
81	-882	0
79	-883	0
76	-884	0
74	-885	0
71	-886	0
68	-887	0
66	-888	0
63	-889	0
61	-890	0
58	-891	0
55	-892	0
53	-893	0
50	-894	0
48	-895	0
45	-896	0
43	-897	0
40	-898	0
37	-899	0
35	-900	0
32	-901	0
30	-902	0
27	-903	0
25	-904	0
22	-905	0
19	-906	0
17	-907	0
14	-908	0
12	-909	0
9	-910	0
6	-911	0
4	-912	0
1	-913	0
259	-813	0
260	-814	0
262	-815	0
264	-816	0
265	-817	0
267	-818	0
269	-819	0
270	-820	0
272	-821	0
273	-822	0
275	-823	0
277	-824	0
278	-825	0
280	-826	0
282	-827	0
283	-828	0
285	-829	0
286	-830	0
288	-831	0
290	-832	0
291	-833	0
293	-834	0
295	-835	0
296	-836	0
298	-837	0
299	-838	0
301	-839	0
303	-840	0
304	-841	0
306	-842	0
308	-843	0
309	-844	0
311	-845	0
312	-846	0
314	-847	0
316	-848	0
317	-849	0
319	-850	0
321	-851	0
322	-852	0
324	-853	0
325	-854	0
327	-855	0
329	-856	0
330	-857	0
332	-858	0
334	-859	0
335	-860	0
337	-861	0
338	-862	0
340	-863	0
342	-864	0
343	-865	0
345	-866	0
347	-867	0
348	-868	0
350	-869	0
351	-870	0
353	-871	0
355	-872	0
356	-873	0
358	-874	0
360	-875	0
361	-876	0
363	-877	0
364	-878	0
366	-879	0
368	-880	0
369	-881	0
371	-882	0
373	-883	0
374	-884	0
376	-885	0
377	-886	0
379	-887	0
381	-888	0
382	-889	0
384	-890	0
386	-891	0
387	-892	0
389	-893	0
390	-894	0
392	-895	0
394	-896	0
395	-897	0
397	-898	0
399	-899	0
400	-900	0
402	-901	0
403	-902	0
405	-903	0
407	-904	0
408	-905	0
410	-906	0
412	-907	0
413	-908	0
415	-909	0
416	-910	0
418	-911	0
420	-912	0
421	-913	0
423	-914	0
425	-915	0
426	-916	0
428	-917	0
429	-918	0
431	-919	0
433	-920	0
434	-921	0
436	-922	0
438	-923	0
439	-924	0
441	-925	0
442	-926	0
444	-927	0
446	-928	0
447	-929	0
449	-930	0
451	-931	0
452	-932	0
453	-933	0
609	-813	0
608	-814	0
607	-815	0
606	-816	0
604	-817	0
603	-818	0
602	-819	0
601	-820	0
599	-821	0
598	-822	0
597	-823	0
595	-824	0
594	-825	0
593	-826	0
591	-827	0
590	-828	0
589	-829	0
588	-830	0
586	-831	0
585	-832	0
584	-833	0
582	-834	0
581	-835	0
580	-836	0
578	-837	0
577	-838	0
576	-839	0
575	-840	0
573	-841	0
572	-842	0
571	-843	0
569	-844	0
568	-845	0
567	-846	0
565	-847	0
564	-848	0
563	-849	0
562	-850	0
560	-851	0
559	-852	0
558	-853	0
556	-854	0
555	-855	0
554	-856	0
552	-857	0
551	-858	0
550	-859	0
549	-860	0
547	-861	0
546	-862	0
545	-863	0
543	-864	0
542	-865	0
541	-866	0
539	-867	0
538	-868	0
537	-869	0
536	-870	0
534	-871	0
533	-872	0
532	-873	0
530	-874	0
529	-875	0
528	-876	0
526	-877	0
525	-878	0
524	-879	0
523	-880	0
521	-881	0
520	-882	0
519	-883	0
517	-884	0
516	-885	0
515	-886	0
513	-887	0
512	-888	0
511	-889	0
510	-890	0
508	-891	0
507	-892	0
506	-893	0
504	-894	0
503	-895	0
502	-896	0
500	-897	0
499	-898	0
498	-899	0
497	-900	0
495	-901	0
494	-902	0
493	-903	0
491	-904	0
490	-905	0
489	-906	0
487	-907	0
486	-908	0
485	-909	0
484	-910	0
482	-911	0
481	-912	0
480	-913	0
478	-914	0
477	-915	0
476	-916	0
474	-917	0
473	-918	0
472	-919	0
471	-920	0
469	-921	0
468	-922	0
467	-923	0
465	-924	0
464	-925	0
463	-926	0
461	-927	0
460	-928	0
459	-929	0
458	-930	0
456	-931	0
455	-932	0
454	-933	0
610	-813	0
613	-814	0
616	-815	0
619	-816	0
622	-817	0
625	-818	0
628	-819	0
631	-820	0
634	-821	0
637	-822	0
640	-823	0
643	-824	0
646	-825	0
648	-826	0
651	-827	0
654	-828	0
657	-829	0
660	-830	0
663	-831	0
666	-832	0
669	-833	0
672	-834	0
675	-835	0
678	-836	0
681	-837	0
684	-838	0
687	-839	0
689	-840	0
692	-841	0
695	-842	0
698	-843	0
701	-844	0
704	-845	0
707	-846	0
710	-847	0
713	-848	0
716	-849	0
719	-850	0
722	-851	0
725	-852	0
727	-853	0
730	-854	0
733	-855	0
736	-856	0
739	-857	0
742	-858	0
745	-859	0
748	-860	0
751	-861	0
754	-862	0
757	-863	0
760	-864	0
763	-865	0
765	-866	0
768	-867	0
771	-868	0
774	-869	0
777	-870	0
780	-871	0
783	-872	0
786	-873	0
789	-874	0
792	-875	0
795	-876	0
798	-877	0
801	-878	0
804	-879	0
806	-880	0
809	-881	0
812	-882	0
815	-883	0
818	-884	0
821	-885	0
824	-886	0
827	-887	0
830	-888	0
833	-889	0
836	-890	0
839	-891	0
842	-892	0
844	-893	0
847	-894	0
850	-895	0
853	-896	0
856	-897	0
859	-898	0
862	-899	0
865	-900	0
868	-901	0
871	-902	0
874	-903	0
877	-904	0
880	-905	0
882	-906	0
885	-907	0
888	-908	0
891	-909	0
894	-910	0
897	-911	0
900	-912	0
903	-913	0
906	-914	0
909	-915	0
912	-916	0
915	-917	0
918	-918	0
921	-919	0
923	-920	0
926	-921	0
929	-922	0
932	-923	0
935	-924	0
938	-925	0
941	-926	0
944	-927	0
947	-928	0
950	-929	0
953	-930	0
956	-931	0
959	-932	0
960	-933	0
960	-813	0
960	-814	0
960	-815	0
960	-816	0
960	-817	0
960	-818	0
960	-819	0
960	-820	0
960	-821	0
960	-822	0
960	-823	0
960	-824	0
960	-825	0
960	-826	0
960	-827	0
960	-828	0
960	-829	0
960	-830	0
960	-831	0
960	-832	0
960	-833	0
960	-834	0
960	-835	0
960	-836	0
960	-837	0
960	-838	0
960	-839	0
960	-840	0
960	-841	0
960	-842	0
960	-843	0
960	-844	0
960	-845	0
960	-846	0
960	-847	0
960	-848	0
960	-849	0
960	-850	0
960	-851	0
960	-852	0
960	-853	0
960	-854	0
960	-855	0
960	-856	0
960	-857	0
960	-858	0
960	-859	0
960	-860	0
960	-861	0
960	-862	0
960	-863	0
960	-864	0
960	-865	0
960	-866	0
960	-867	0
960	-868	0
960	-869	0
960	-870	0
960	-871	0
960	-872	0
960	-873	0
960	-874	0
960	-875	0
960	-876	0
960	-877	0
960	-878	0
960	-879	0
960	-880	0
960	-881	0
960	-882	0
960	-883	0
960	-884	0
960	-885	0
960	-886	0
960	-887	0
960	-888	0
960	-889	0
960	-890	0
960	-891	0
960	-892	0
960	-893	0
960	-894	0
960	-895	0
960	-896	0
960	-897	0
960	-898	0
960	-899	0
960	-900	0
960	-901	0
960	-902	0
960	-903	0
960	-904	0
960	-905	0
960	-906	0
960	-907	0
960	-908	0
960	-909	0
960	-910	0
960	-911	0
960	-912	0
960	-913	0
960	-914	0
960	-915	0
960	-916	0
960	-917	0
960	-918	0
960	-919	0
960	-920	0
960	-921	0
960	-922	0
960	-923	0
960	-924	0
960	-925	0
960	-926	0
960	-927	0
960	-928	0
960	-929	0
960	-930	0
960	-931	0
960	-932	0
960	-933	0
962	-813	0
966	-814	0
971	-815	0
975	-816	0
979	-817	0
983	-818	0
987	-819	0
992	-820	0
996	-821	0
1000	-822	0
1004	-823	0
1009	-824	0
1013	-825	0
1017	-826	0
1021	-827	0
1025	-828	0
1030	-829	0
1034	-830	0
1038	-831	0
1042	-832	0
1047	-833	0
1051	-834	0
1055	-835	0
1059	-836	0
1064	-837	0
1068	-838	0
1072	-839	0
1076	-840	0
1080	-841	0
1085	-842	0
1089	-843	0
1093	-844	0
1097	-845	0
1102	-846	0
1106	-847	0
1110	-848	0
1114	-849	0
1118	-850	0
1123	-851	0
1127	-852	0
1131	-853	0
1135	-854	0
1140	-855	0
1144	-856	0
1148	-857	0
1152	-858	0
1156	-859	0
1161	-860	0
1165	-861	0
1169	-862	0
1173	-863	0
1178	-864	0
1182	-865	0
1186	-866	0
1190	-867	0
1194	-868	0
1199	-869	0
1203	-870	0
1207	-871	0
1211	-872	0
1216	-873	0
1220	-874	0
1224	-875	0
1228	-876	0
1233	-877	0
1237	-878	0
1241	-879	0
1245	-880	0
1249	-881	0
1254	-882	0
1258	-883	0
1262	-884	0
1266	-885	0
1271	-886	0
1275	-887	0
1279	-888	0
1283	-889	0
1287	-890	0
1292	-891	0
1296	-892	0
1300	-893	0
1304	-894	0
1309	-895	0
1313	-896	0
1317	-897	0
1321	-898	0
1325	-899	0
1330	-900	0
1334	-901	0
1338	-902	0
1342	-903	0
1347	-904	0
1351	-905	0
1355	-906	0
1359	-907	0
1363	-908	0
1368	-909	0
1372	-910	0
1376	-911	0
1380	-912	0
1385	-913	0
1389	-914	0
1393	-915	0
1397	-916	0
1402	-917	0
1406	-918	0
1410	-919	0
1414	-920	0
1418	-921	0
1423	-922	0
1427	-923	0
1431	-924	0
1435	-925	0
1440	-926	0
1444	-927	0
1448	-928	0
1452	-929	0
1456	-930	0
1461	-931	0
1465	-932	0
1467	-933	0
1312	-813	0
1313	-814	0
1314	-815	0
1316	-816	0
1317	-817	0
1318	-818	0
1319	-819	0
1321	-820	0
1322	-821	0
1323	-822	0
1325	-823	0
1326	-824	0
1327	-825	0
1329	-826	0
1330	-827	0
1331	-828	0
1332	-829	0
1334	-830	0
1335	-831	0
1336	-832	0
1338	-833	0
1339	-834	0
1340	-835	0
1342	-836	0
1343	-837	0
1344	-838	0
1345	-839	0
1347	-840	0
1348	-841	0
1349	-842	0
1351	-843	0
1352	-844	0
1353	-845	0
1355	-846	0
1356	-847	0
1357	-848	0
1358	-849	0
1360	-850	0
1361	-851	0
1362	-852	0
1364	-853	0
1365	-854	0
1366	-855	0
1368	-856	0
1369	-857	0
1370	-858	0
1371	-859	0
1373	-860	0
1374	-861	0
1375	-862	0
1377	-863	0
1378	-864	0
1379	-865	0
1381	-866	0
1382	-867	0
1383	-868	0
1384	-869	0
1386	-870	0
1387	-871	0
1388	-872	0
1390	-873	0
1391	-874	0
1392	-875	0
1394	-876	0
1395	-877	0
1396	-878	0
1397	-879	0
1399	-880	0
1400	-881	0
1401	-882	0
1403	-883	0
1404	-884	0
1405	-885	0
1407	-886	0
1408	-887	0
1409	-888	0
1410	-889	0
1412	-890	0
1413	-891	0
1414	-892	0
1416	-893	0
1417	-894	0
1418	-895	0
1420	-896	0
1421	-897	0
1422	-898	0
1423	-899	0
1425	-900	0
1426	-901	0
1427	-902	0
1429	-903	0
1430	-904	0
1431	-905	0
1433	-906	0
1434	-907	0
1435	-908	0
1436	-909	0
1438	-910	0
1439	-911	0
1440	-912	0
1442	-913	0
1443	-914	0
1444	-915	0
1446	-916	0
1447	-917	0
1448	-918	0
1449	-919	0
1451	-920	0
1452	-921	0
1453	-922	0
1455	-923	0
1456	-924	0
1457	-925	0
1459	-926	0
1460	-927	0
1461	-928	0
1462	-929	0
1464	-930	0
1465	-931	0
1466	-932	0
1467	-933	0
1314	-813	0
1319	-814	0
1325	-815	0
1330	-816	0
1336	-817	0
1341	-818	0
1347	-819	0
1352	-820	0
1358	-821	0
1363	-822	0
1369	-823	0
1374	-824	0
1380	-825	0
1385	-826	0
1391	-827	0
1396	-828	0
1402	-829	0
1407	-830	0
1412	-831	0
1418	-832	0
1423	-833	0
1429	-834	0
1434	-835	0
1440	-836	0
1445	-837	0
1451	-838	0
1456	-839	0
1462	-840	0
1467	-841	0
1473	-842	0
1478	-843	0
1484	-844	0
1489	-845	0
1495	-846	0
1500	-847	0
1506	-848	0
1511	-849	0
1517	-850	0
1522	-851	0
1528	-852	0
1533	-853	0
1539	-854	0
1544	-855	0
1550	-856	0
1555	-857	0
1561	-858	0
1566	-859	0
1572	-860	0
1577	-861	0
1583	-862	0
1588	-863	0
1594	-864	0
1599	-865	0
1605	-866	0
1610	-867	0
1615	-868	0
1621	-869	0
1626	-870	0
1632	-871	0
1637	-872	0
1643	-873	0
1648	-874	0
1654	-875	0
1659	-876	0
1665	-877	0
1670	-878	0
1676	-879	0
1681	-880	0
1687	-881	0
1692	-882	0
1698	-883	0
1703	-884	0
1709	-885	0
1714	-886	0
1720	-887	0
1725	-888	0
1731	-889	0
1736	-890	0
1742	-891	0
1747	-892	0
1753	-893	0
1758	-894	0
1764	-895	0
1769	-896	0
1775	-897	0
1780	-898	0
1786	-899	0
1791	-900	0
1797	-901	0
1802	-902	0
1808	-903	0
1813	-904	0
1818	-905	0
1824	-906	0
1829	-907	0
1835	-908	0
1840	-909	0
1846	-910	0
1851	-911	0
1857	-912	0
1862	-913	0
1868	-914	0
1873	-915	0
1879	-916	0
1884	-917	0
1890	-918	0
1895	-919	0
1901	-920	0
1906	-921	0
1912	-922	0
1917	-923	0
1920	-924	0
1920	-925	0
1920	-926	0
1920	-927	0
1920	-928	0
1920	-929	0
1920	-930	0
1920	-931	0
1920	-932	0
1920	-933	0
1663	-813	0
1666	-814	0
1668	-815	0
1671	-816	0
1674	-817	0
1676	-818	0
1679	-819	0
1681	-820	0
1684	-821	0
1687	-822	0
1689	-823	0
1692	-824	0
1694	-825	0
1697	-826	0
1699	-827	0
1702	-828	0
1705	-829	0
1707	-830	0
1710	-831	0
1712	-832	0
1715	-833	0
1717	-834	0
1720	-835	0
1723	-836	0
1725	-837	0
1728	-838	0
1730	-839	0
1733	-840	0
1736	-841	0
1738	-842	0
1741	-843	0
1743	-844	0
1746	-845	0
1748	-846	0
1751	-847	0
1754	-848	0
1756	-849	0
1759	-850	0
1761	-851	0
1764	-852	0
1766	-853	0
1769	-854	0
1772	-855	0
1774	-856	0
1777	-857	0
1779	-858	0
1782	-859	0
1785	-860	0
1787	-861	0
1790	-862	0
1792	-863	0
1795	-864	0
1797	-865	0
1800	-866	0
1803	-867	0
1805	-868	0
1808	-869	0
1810	-870	0
1813	-871	0
1816	-872	0
1818	-873	0
1821	-874	0
1823	-875	0
1826	-876	0
1828	-877	0
1831	-878	0
1834	-879	0
1836	-880	0
1839	-881	0
1841	-882	0
1844	-883	0
1846	-884	0
1849	-885	0
1852	-886	0
1854	-887	0
1857	-888	0
1859	-889	0
1862	-890	0
1865	-891	0
1867	-892	0
1870	-893	0
1872	-894	0
1875	-895	0
1877	-896	0
1880	-897	0
1883	-898	0
1885	-899	0
1888	-900	0
1890	-901	0
1893	-902	0
1895	-903	0
1898	-904	0
1901	-905	0
1903	-906	0
1906	-907	0
1908	-908	0
1911	-909	0
1914	-910	0
1916	-911	0
1919	-912	0
1920	-913	0
1920	-914	0
1920	-915	0
1920	-916	0
1920	-917	0
1920	-918	0
1920	-919	0
1920	-920	0
1920	-921	0
1920	-922	0
1920	-923	0
1920	-924	0
1665	-813	0
1672	-814	0
1679	-815	0
1686	-816	0
1693	-817	0
1699	-818	0
1706	-819	0
1713	-820	0
1720	-821	0
1726	-822	0
1733	-823	0
1740	-824	0
1747	-825	0
1754	-826	0
1760	-827	0
1767	-828	0
1774	-829	0
1781	-830	0
1788	-831	0
1794	-832	0
1801	-833	0
1808	-834	0
1815	-835	0
1822	-836	0
1828	-837	0
1835	-838	0
1842	-839	0
1849	-840	0
1855	-841	0
1862	-842	0
1869	-843	0
1876	-844	0
1883	-845	0
1889	-846	0
1896	-847	0
1903	-848	0
1910	-849	0
1917	-850	0
1920	-851	0
1920	-852	0
1920	-853	0
1920	-854	0
1920	-855	0
1920	-856	0
1920	-857	0
1920	-858	0
1920	-859	0
1920	-860	0
1920	-861	0
1920	-862	0
1920	-863	0
1920	-864	0
1920	-865	0
1920	-866	0
1920	-867	0
1920	-868	0
1920	-869	0
1920	-870	0
1920	-871	0
1920	-872	0
1920	-873	0
1920	-874	0
1920	-875	0
1920	-876	0
1920	-877	0
1920	-878	0
1920	-879	0
1920	-880	0
1920	-881	0
1920	-882	0
1920	-883	0
1920	-884	0
1920	-885	0
1920	-886	0
1920	-887	0
1920	-888	0
1920	-889	0
1920	-890	0
1920	-891	0
1920	-892	0
1920	-893	0
1920	-894	0
1920	-895	0
1920	-896	0
1920	-897	0
1920	-898	0
1920	-899	0
1920	-900	0
1920	-901	0
1920	-902	0
1920	-903	0
1920	-904	0
1920	-905	0
1920	-906	0
1920	-907	0
1920	-908	0
1920	-909	0
1920	-910	0
1920	-911	0
1920	-912	0
1920	-913	0
1920	-813	0
1920	-814	0
1920	-815	0
1920	-816	0
1920	-817	0
1920	-818	0
1920	-819	0
1920	-820	0
1920	-821	0
1920	-822	0
1920	-823	0
1920	-824	0
1920	-825	0
1920	-826	0
1920	-827	0
1920	-828	0
1920	-829	0
1920	-830	0
1920	-831	0
1920	-832	0
1920	-833	0
1920	-834	0
1920	-835	0
1920	-836	0
1920	-837	0
1920	-838	0
1920	-839	0
1920	-840	0
1920	-841	0
1920	-842	0
1920	-843	0
1920	-844	0
1920	-845	0
1920	-846	0
1920	-847	0
1920	-848	0
1920	-849	0
1920	-850	0
1920	-851	0
154	-749	0
152	-750	0
148	-751	0
144	-752	0
140	-753	0
136	-754	0
132	-755	0
128	-756	0
124	-757	0
120	-758	0
116	-759	0
113	-760	0
109	-761	0
105	-762	0
101	-763	0
97	-764	0
93	-765	0
89	-766	0
85	-767	0
81	-768	0
77	-769	0
73	-770	0
69	-771	0
65	-772	0
61	-773	0
57	-774	0
53	-775	0
49	-776	0
45	-777	0
41	-778	0
38	-779	0
34	-780	0
30	-781	0
26	-782	0
22	-783	0
18	-784	0
14	-785	0
10	-786	0
6	-787	0
2	-788	0
155	-749	0
156	-750	0
158	-751	0
160	-752	0
161	-753	0
163	-754	0
165	-755	0
166	-756	0
168	-757	0
169	-758	0
171	-759	0
173	-760	0
174	-761	0
176	-762	0
178	-763	0
179	-764	0
181	-765	0
182	-766	0
184	-767	0
186	-768	0
187	-769	0
189	-770	0
191	-771	0
192	-772	0
194	-773	0
195	-774	0
197	-775	0
199	-776	0
200	-777	0
202	-778	0
204	-779	0
205	-780	0
207	-781	0
208	-782	0
210	-783	0
212	-784	0
213	-785	0
215	-786	0
217	-787	0
218	-788	0
220	-789	0
221	-790	0
223	-791	0
225	-792	0
226	-793	0
228	-794	0
230	-795	0
231	-796	0
233	-797	0
234	-798	0
236	-799	0
238	-800	0
239	-801	0
241	-802	0
243	-803	0
244	-804	0
246	-805	0
247	-806	0
249	-807	0
251	-808	0
252	-809	0
254	-810	0
256	-811	0
257	-812	0
258	-813	0
423	-749	0
422	-750	0
419	-751	0
417	-752	0
414	-753	0
411	-754	0
409	-755	0
406	-756	0
404	-757	0
401	-758	0
399	-759	0
396	-760	0
393	-761	0
391	-762	0
388	-763	0
386	-764	0
383	-765	0
380	-766	0
378	-767	0
375	-768	0
373	-769	0
370	-770	0
368	-771	0
365	-772	0
362	-773	0
360	-774	0
357	-775	0
355	-776	0
352	-777	0
350	-778	0
347	-779	0
344	-780	0
342	-781	0
339	-782	0
337	-783	0
334	-784	0
331	-785	0
329	-786	0
326	-787	0
324	-788	0
321	-789	0
319	-790	0
316	-791	0
313	-792	0
311	-793	0
308	-794	0
306	-795	0
303	-796	0
301	-797	0
298	-798	0
295	-799	0
293	-800	0
290	-801	0
288	-802	0
285	-803	0
282	-804	0
280	-805	0
277	-806	0
275	-807	0
272	-808	0
270	-809	0
267	-810	0
264	-811	0
262	-812	0
259	-813	0
424	-749	0
427	-750	0
430	-751	0
433	-752	0
436	-753	0
439	-754	0
442	-755	0
445	-756	0
448	-757	0
451	-758	0
454	-759	0
456	-760	0
459	-761	0
462	-762	0
465	-763	0
468	-764	0
471	-765	0
474	-766	0
477	-767	0
480	-768	0
483	-769	0
485	-770	0
488	-771	0
491	-772	0
494	-773	0
497	-774	0
500	-775	0
503	-776	0
506	-777	0
509	-778	0
512	-779	0
515	-780	0
517	-781	0
520	-782	0
523	-783	0
526	-784	0
529	-785	0
532	-786	0
535	-787	0
538	-788	0
541	-789	0
544	-790	0
547	-791	0
549	-792	0
552	-793	0
555	-794	0
558	-795	0
561	-796	0
564	-797	0
567	-798	0
570	-799	0
573	-800	0
576	-801	0
578	-802	0
581	-803	0
584	-804	0
587	-805	0
590	-806	0
593	-807	0
596	-808	0
599	-809	0
602	-810	0
605	-811	0
608	-812	0
609	-813	0
691	-749	0
690	-750	0
689	-751	0
688	-752	0
687	-753	0
685	-754	0
684	-755	0
683	-756	0
681	-757	0
680	-758	0
679	-759	0
678	-760	0
676	-761	0
675	-762	0
674	-763	0
672	-764	0
671	-765	0
670	-766	0
669	-767	0
667	-768	0
666	-769	0
665	-770	0
663	-771	0
662	-772	0
661	-773	0
660	-774	0
658	-775	0
657	-776	0
656	-777	0
654	-778	0
653	-779	0
652	-780	0
651	-781	0
649	-782	0
648	-783	0
647	-784	0
646	-785	0
644	-786	0
643	-787	0
642	-788	0
640	-789	0
639	-790	0
638	-791	0
637	-792	0
635	-793	0
634	-794	0
633	-795	0
631	-796	0
630	-797	0
629	-798	0
628	-799	0
626	-800	0
625	-801	0
624	-802	0
622	-803	0
621	-804	0
620	-805	0
619	-806	0
617	-807	0
616	-808	0
615	-809	0
613	-810	0
612	-811	0
611	-812	0
610	-813	0
693	-749	0
697	-750	0
702	-751	0
706	-752	0
710	-753	0
714	-754	0
718	-755	0
723	-756	0
727	-757	0
731	-758	0
735	-759	0
739	-760	0
744	-761	0
748	-762	0
752	-763	0
756	-764	0
760	-765	0
765	-766	0
769	-767	0
773	-768	0
777	-769	0
781	-770	0
786	-771	0
790	-772	0
794	-773	0
798	-774	0
802	-775	0
807	-776	0
811	-777	0
815	-778	0
819	-779	0
823	-780	0
828	-781	0
832	-782	0
836	-783	0
840	-784	0
844	-785	0
849	-786	0
853	-787	0
857	-788	0
861	-789	0
865	-790	0
870	-791	0
874	-792	0
878	-793	0
882	-794	0
886	-795	0
891	-796	0
895	-797	0
899	-798	0
903	-799	0
907	-800	0
912	-801	0
916	-802	0
920	-803	0
924	-804	0
928	-805	0
933	-806	0
937	-807	0
941	-808	0
945	-809	0
949	-810	0
954	-811	0
958	-812	0
960	-813	0
960	-749	0
960	-750	0
960	-751	0
960	-752	0
960	-753	0
960	-754	0
960	-755	0
960	-756	0
960	-757	0
960	-758	0
960	-759	0
960	-760	0
960	-761	0
960	-762	0
960	-763	0
960	-764	0
960	-765	0
960	-766	0
960	-767	0
960	-768	0
960	-769	0
960	-770	0
960	-771	0
960	-772	0
960	-773	0
960	-774	0
960	-775	0
960	-776	0
960	-777	0
960	-778	0
960	-779	0
960	-780	0
960	-781	0
960	-782	0
960	-783	0
960	-784	0
960	-785	0
960	-786	0
960	-787	0
960	-788	0
960	-789	0
960	-790	0
960	-791	0
960	-792	0
960	-793	0
960	-794	0
960	-795	0
960	-796	0
960	-797	0
960	-798	0
960	-799	0
960	-800	0
960	-801	0
960	-802	0
960	-803	0
960	-804	0
960	-805	0
960	-806	0
960	-807	0
960	-808	0
960	-809	0
960	-810	0
960	-811	0
960	-812	0
960	-813	0
963	-749	0
968	-750	0
974	-751	0
979	-752	0
985	-753	0
990	-754	0
996	-755	0
1001	-756	0
1007	-757	0
1012	-758	0
1018	-759	0
1023	-760	0
1029	-761	0
1034	-762	0
1040	-763	0
1045	-764	0
1050	-765	0
1056	-766	0
1061	-767	0
1067	-768	0
1072	-769	0
1078	-770	0
1083	-771	0
1089	-772	0
1094	-773	0
1100	-774	0
1105	-775	0
1111	-776	0
1116	-777	0
1122	-778	0
1127	-779	0
1133	-780	0
1138	-781	0
1144	-782	0
1149	-783	0
1155	-784	0
1160	-785	0
1166	-786	0
1171	-787	0
1177	-788	0
1182	-789	0
1188	-790	0
1193	-791	0
1199	-792	0
1204	-793	0
1210	-794	0
1215	-795	0
1221	-796	0
1226	-797	0
1231	-798	0
1237	-799	0
1242	-800	0
1248	-801	0
1253	-802	0
1259	-803	0
1264	-804	0
1270	-805	0
1275	-806	0
1281	-807	0
1286	-808	0
1292	-809	0
1297	-810	0
1303	-811	0
1308	-812	0
1311	-813	0
1230	-749	0
1231	-750	0
1232	-751	0
1233	-752	0
1235	-753	0
1236	-754	0
1237	-755	0
1239	-756	0
1240	-757	0
1241	-758	0
1242	-759	0
1244	-760	0
1245	-761	0
1246	-762	0
1248	-763	0
1249	-764	0
1250	-765	0
1251	-766	0
1253	-767	0
1254	-768	0
1255	-769	0
1257	-770	0
1258	-771	0
1259	-772	0
1260	-773	0
1262	-774	0
1263	-775	0
1264	-776	0
1266	-777	0
1267	-778	0
1268	-779	0
1269	-780	0
1271	-781	0
1272	-782	0
1273	-783	0
1274	-784	0
1276	-785	0
1277	-786	0
1278	-787	0
1280	-788	0
1281	-789	0
1282	-790	0
1283	-791	0
1285	-792	0
1286	-793	0
1287	-794	0
1289	-795	0
1290	-796	0
1291	-797	0
1292	-798	0
1294	-799	0
1295	-800	0
1296	-801	0
1298	-802	0
1299	-803	0
1300	-804	0
1301	-805	0
1303	-806	0
1304	-807	0
1305	-808	0
1307	-809	0
1308	-810	0
1309	-811	0
1310	-812	0
1311	-813	0
1232	-749	0
1239	-750	0
1246	-751	0
1253	-752	0
1259	-753	0
1266	-754	0
1273	-755	0
1280	-756	0
1287	-757	0
1293	-758	0
1300	-759	0
1307	-760	0
1314	-761	0
1320	-762	0
1327	-763	0
1334	-764	0
1341	-765	0
1347	-766	0
1354	-767	0
1361	-768	0
1368	-769	0
1374	-770	0
1381	-771	0
1388	-772	0
1395	-773	0
1402	-774	0
1408	-775	0
1415	-776	0
1422	-777	0
1429	-778	0
1435	-779	0
1442	-780	0
1449	-781	0
1456	-782	0
1462	-783	0
1469	-784	0
1476	-785	0
1483	-786	0
1489	-787	0
1496	-788	0
1503	-789	0
1510	-790	0
1517	-791	0
1523	-792	0
1530	-793	0
1537	-794	0
1544	-795	0
1550	-796	0
1557	-797	0
1564	-798	0
1571	-799	0
1577	-800	0
1584	-801	0
1591	-802	0
1598	-803	0
1604	-804	0
1611	-805	0
1618	-806	0
1625	-807	0
1632	-808	0
1638	-809	0
1645	-810	0
1652	-811	0
1659	-812	0
1662	-813	0
1498	-749	0
1501	-750	0
1503	-751	0
1506	-752	0
1509	-753	0
1511	-754	0
1514	-755	0
1516	-756	0
1519	-757	0
1521	-758	0
1524	-759	0
1527	-760	0
1529	-761	0
1532	-762	0
1534	-763	0
1537	-764	0
1540	-765	0
1542	-766	0
1545	-767	0
1547	-768	0
1550	-769	0
1552	-770	0
1555	-771	0
1558	-772	0
1560	-773	0
1563	-774	0
1565	-775	0
1568	-776	0
1570	-777	0
1573	-778	0
1576	-779	0
1578	-780	0
1581	-781	0
1583	-782	0
1586	-783	0
1589	-784	0
1591	-785	0
1594	-786	0
1596	-787	0
1599	-788	0
1601	-789	0
1604	-790	0
1607	-791	0
1609	-792	0
1612	-793	0
1614	-794	0
1617	-795	0
1619	-796	0
1622	-797	0
1625	-798	0
1627	-799	0
1630	-800	0
1632	-801	0
1635	-802	0
1638	-803	0
1640	-804	0
1643	-805	0
1645	-806	0
1648	-807	0
1650	-808	0
1653	-809	0
1656	-810	0
1658	-811	0
1661	-812	0
1662	-813	0
1501	-749	0
1509	-750	0
1517	-751	0
1525	-752	0
1534	-753	0
1542	-754	0
1550	-755	0
1558	-756	0
1566	-757	0
1574	-758	0
1582	-759	0
1591	-760	0
1599	-761	0
1607	-762	0
1615	-763	0
1623	-764	0
1631	-765	0
1639	-766	0
1647	-767	0
1656	-768	0
1664	-769	0
1672	-770	0
1680	-771	0
1688	-772	0
1696	-773	0
1704	-774	0
1713	-775	0
1721	-776	0
1729	-777	0
1737	-778	0
1745	-779	0
1753	-780	0
1761	-781	0
1770	-782	0
1778	-783	0
1786	-784	0
1794	-785	0
1802	-786	0
1810	-787	0
1818	-788	0
1826	-789	0
1835	-790	0
1843	-791	0
1851	-792	0
1859	-793	0
1867	-794	0
1875	-795	0
1883	-796	0
1892	-797	0
1900	-798	0
1908	-799	0
1916	-800	0
1920	-801	0
1920	-802	0
1920	-803	0
1920	-804	0
1920	-805	0
1920	-806	0
1920	-807	0
1920	-808	0
1920	-809	0
1920	-810	0
1920	-811	0
1920	-812	0
1920	-813	0
1768	-749	0
1772	-750	0
1776	-751	0
1780	-752	0
1784	-753	0
1788	-754	0
1792	-755	0
1796	-756	0
1800	-757	0
1804	-758	0
1807	-759	0
1811	-760	0
1815	-761	0
1819	-762	0
1823	-763	0
1827	-764	0
1831	-765	0
1835	-766	0
1839	-767	0
1843	-768	0
1847	-769	0
1851	-770	0
1855	-771	0
1859	-772	0
1863	-773	0
1867	-774	0
1871	-775	0
1875	-776	0
1879	-777	0
1882	-778	0
1886	-779	0
1890	-780	0
1894	-781	0
1898	-782	0
1902	-783	0
1906	-784	0
1910	-785	0
1914	-786	0
1918	-787	0
1920	-788	0
1920	-789	0
1920	-790	0
1920	-791	0
1920	-792	0
1920	-793	0
1920	-794	0
1920	-795	0
1920	-796	0
1920	-797	0
1920	-798	0
1920	-799	0
1920	-800	0
1920	-801	0
1771	-749	0
1780	-750	0
1790	-751	0
1800	-752	0
1809	-753	0
1819	-754	0
1829	-755	0
1838	-756	0
1848	-757	0
1857	-758	0
1867	-759	0
1877	-760	0
1886	-761	0
1896	-762	0
1906	-763	0
1915	-764	0
1920	-765	0
1920	-766	0
1920	-767	0
1920	-768	0
1920	-769	0
1920	-770	0
1920	-771	0
1920	-772	0
1920	-773	0
1920	-774	0
1920	-775	0
1920	-776	0
1920	-777	0
1920	-778	0
1920	-779	0
1920	-780	0
1920	-781	0
1920	-782	0
1920	-783	0
1920	-784	0
1920	-785	0
1920	-786	0
1920	-787	0
1920	-788	0
1920	-749	0
1920	-750	0
1920	-751	0
1920	-752	0
1920	-753	0
1920	-754	0
1920	-755	0
1920	-756	0
1920	-757	0
1920	-758	0
1920	-759	0
1920	-760	0
1920	-761	0
1920	-762	0
1920	-763	0
1920	-764	0
1920	-765	0
90	-709	0
87	-710	0
82	-711	0
77	-712	0
71	-713	0
66	-714	0
61	-715	0
56	-716	0
50	-717	0
45	-718	0
40	-719	0
34	-720	0
29	-721	0
24	-722	0
19	-723	0
13	-724	0
8	-725	0
3	-726	0
91	-709	0
92	-710	0
94	-711	0
96	-712	0
97	-713	0
99	-714	0
100	-715	0
102	-716	0
104	-717	0
105	-718	0
107	-719	0
108	-720	0
110	-721	0
112	-722	0
113	-723	0
115	-724	0
116	-725	0
118	-726	0
120	-727	0
121	-728	0
123	-729	0
124	-730	0
126	-731	0
128	-732	0
129	-733	0
131	-734	0
132	-735	0
134	-736	0
136	-737	0
137	-738	0
139	-739	0
140	-740	0
142	-741	0
144	-742	0
145	-743	0
147	-744	0
148	-745	0
150	-746	0
152	-747	0
153	-748	0
154	-749	0
307	-709	0
305	-710	0
301	-711	0
297	-712	0
294	-713	0
290	-714	0
286	-715	0
282	-716	0
278	-717	0
274	-718	0
271	-719	0
267	-720	0
263	-721	0
259	-722	0
255	-723	0
252	-724	0
248	-725	0
244	-726	0
240	-727	0
236	-728	0
232	-729	0
229	-730	0
225	-731	0
221	-732	0
217	-733	0
213	-734	0
209	-735	0
206	-736	0
202	-737	0
198	-738	0
194	-739	0
190	-740	0
187	-741	0
183	-742	0
179	-743	0
175	-744	0
171	-745	0
167	-746	0
164	-747	0
160	-748	0
156	-749	0
308	-709	0
311	-710	0
314	-711	0
317	-712	0
320	-713	0
323	-714	0
326	-715	0
329	-716	0
332	-717	0
335	-718	0
337	-719	0
340	-720	0
343	-721	0
346	-722	0
349	-723	0
352	-724	0
355	-725	0
358	-726	0
361	-727	0
364	-728	0
366	-729	0
369	-730	0
372	-731	0
375	-732	0
378	-733	0
381	-734	0
384	-735	0
387	-736	0
390	-737	0
393	-738	0
395	-739	0
398	-740	0
401	-741	0
404	-742	0
407	-743	0
410	-744	0
413	-745	0
416	-746	0
419	-747	0
422	-748	0
423	-749	0
525	-709	0
524	-710	0
521	-711	0
519	-712	0
516	-713	0
514	-714	0
511	-715	0
508	-716	0
506	-717	0
503	-718	0
501	-719	0
498	-720	0
496	-721	0
493	-722	0
491	-723	0
488	-724	0
485	-725	0
483	-726	0
480	-727	0
478	-728	0
475	-729	0
473	-730	0
470	-731	0
468	-732	0
465	-733	0
463	-734	0
460	-735	0
457	-736	0
455	-737	0
452	-738	0
450	-739	0
447	-740	0
445	-741	0
442	-742	0
440	-743	0
437	-744	0
434	-745	0
432	-746	0
429	-747	0
427	-748	0
424	-749	0
527	-709	0
531	-710	0
535	-711	0
540	-712	0
544	-713	0
548	-714	0
552	-715	0
556	-716	0
560	-717	0
564	-718	0
569	-719	0
573	-720	0
577	-721	0
581	-722	0
585	-723	0
589	-724	0
593	-725	0
598	-726	0
602	-727	0
606	-728	0
610	-729	0
614	-730	0
618	-731	0
623	-732	0
627	-733	0
631	-734	0
635	-735	0
639	-736	0
643	-737	0
647	-738	0
652	-739	0
656	-740	0
660	-741	0
664	-742	0
668	-743	0
672	-744	0
676	-745	0
681	-746	0
685	-747	0
689	-748	0
691	-749	0
742	-709	0
741	-710	0
740	-711	0
739	-712	0
738	-713	0
736	-714	0
735	-715	0
734	-716	0
732	-717	0
731	-718	0
730	-719	0
729	-720	0
727	-721	0
726	-722	0
725	-723	0
724	-724	0
722	-725	0
721	-726	0
720	-727	0
718	-728	0
717	-729	0
716	-730	0
715	-731	0
713	-732	0
712	-733	0
711	-734	0
709	-735	0
708	-736	0
707	-737	0
706	-738	0
704	-739	0
703	-740	0
702	-741	0
701	-742	0
699	-743	0
698	-744	0
697	-745	0
695	-746	0
694	-747	0
693	-748	0
692	-749	0
745	-709	0
750	-710	0
756	-711	0
761	-712	0
767	-713	0
772	-714	0
777	-715	0
783	-716	0
788	-717	0
794	-718	0
799	-719	0
805	-720	0
810	-721	0
816	-722	0
821	-723	0
826	-724	0
832	-725	0
837	-726	0
843	-727	0
848	-728	0
854	-729	0
859	-730	0
865	-731	0
870	-732	0
876	-733	0
881	-734	0
886	-735	0
892	-736	0
897	-737	0
903	-738	0
908	-739	0
914	-740	0
919	-741	0
925	-742	0
930	-743	0
935	-744	0
941	-745	0
946	-746	0
952	-747	0
957	-748	0
960	-749	0
960	-709	0
960	-710	0
960	-711	0
960	-712	0
960	-713	0
960	-714	0
960	-715	0
960	-716	0
960	-717	0
960	-718	0
960	-719	0
960	-720	0
960	-721	0
960	-722	0
960	-723	0
960	-724	0
960	-725	0
960	-726	0
960	-727	0
960	-728	0
960	-729	0
960	-730	0
960	-731	0
960	-732	0
960	-733	0
960	-734	0
960	-735	0
960	-736	0
960	-737	0
960	-738	0
960	-739	0
960	-740	0
960	-741	0
960	-742	0
960	-743	0
960	-744	0
960	-745	0
960	-746	0
960	-747	0
960	-748	0
960	-749	0
963	-709	0
970	-710	0
977	-711	0
984	-712	0
990	-713	0
997	-714	0
1004	-715	0
1010	-716	0
1017	-717	0
1024	-718	0
1031	-719	0
1037	-720	0
1044	-721	0
1051	-722	0
1058	-723	0
1064	-724	0
1071	-725	0
1078	-726	0
1084	-727	0
1091	-728	0
1098	-729	0
1105	-730	0
1111	-731	0
1118	-732	0
1125	-733	0
1131	-734	0
1138	-735	0
1145	-736	0
1152	-737	0
1158	-738	0
1165	-739	0
1172	-740	0
1179	-741	0
1185	-742	0
1192	-743	0
1199	-744	0
1205	-745	0
1212	-746	0
1219	-747	0
1226	-748	0
1229	-749	0
1179	-709	0
1180	-710	0
1181	-711	0
1182	-712	0
1184	-713	0
1185	-714	0
1186	-715	0
1188	-716	0
1189	-717	0
1190	-718	0
1191	-719	0
1193	-720	0
1194	-721	0
1195	-722	0
1196	-723	0
1198	-724	0
1199	-725	0
1200	-726	0
1202	-727	0
1203	-728	0
1204	-729	0
1205	-730	0
1207	-731	0
1208	-732	0
1209	-733	0
1211	-734	0
1212	-735	0
1213	-736	0
1214	-737	0
1216	-738	0
1217	-739	0
1218	-740	0
1219	-741	0
1221	-742	0
1222	-743	0
1223	-744	0
1225	-745	0
1226	-746	0
1227	-747	0
1228	-748	0
1229	-749	0
1182	-709	0
1190	-710	0
1198	-711	0
1206	-712	0
1214	-713	0
1222	-714	0
1230	-715	0
1238	-716	0
1246	-717	0
1254	-718	0
1262	-719	0
1270	-720	0
1278	-721	0
1286	-722	0
1294	-723	0
1302	-724	0
1310	-725	0
1318	-726	0
1326	-727	0
1334	-728	0
1341	-729	0
1349	-730	0
1357	-731	0
1365	-732	0
1373	-733	0
1381	-734	0
1389	-735	0
1397	-736	0
1405	-737	0
1413	-738	0
1421	-739	0
1429	-740	0
1437	-741	0
1445	-742	0
1453	-743	0
1461	-744	0
1469	-745	0
1477	-746	0
1485	-747	0
1493	-748	0
1497	-749	0
1396	-709	0
1399	-710	0
1401	-711	0
1404	-712	0
1406	-713	0
1409	-714	0
1412	-715	0
1414	-716	0
1417	-717	0
1419	-718	0
1422	-719	0
1424	-720	0
1427	-721	0
1429	-722	0
1432	-723	0
1435	-724	0
1437	-725	0
1440	-726	0
1442	-727	0
1445	-728	0
1447	-729	0
1450	-730	0
1452	-731	0
1455	-732	0
1457	-733	0
1460	-734	0
1463	-735	0
1465	-736	0
1468	-737	0
1470	-738	0
1473	-739	0
1475	-740	0
1478	-741	0
1480	-742	0
1483	-743	0
1486	-744	0
1488	-745	0
1491	-746	0
1493	-747	0
1496	-748	0
1497	-749	0
1400	-709	0
1409	-710	0
1418	-711	0
1427	-712	0
1437	-713	0
1446	-714	0
1455	-715	0
1465	-716	0
1474	-717	0
1483	-718	0
1492	-719	0
1502	-720	0
1511	-721	0
1520	-722	0
1529	-723	0
1539	-724	0
1548	-725	0
1557	-726	0
1567	-727	0
1576	-728	0
1585	-729	0
1594	-730	0
1604	-731	0
1613	-732	0
1622	-733	0
1632	-734	0
1641	-735	0
1650	-736	0
1659	-737	0
1669	-738	0
1678	-739	0
1687	-740	0
1696	-741	0
1706	-742	0
1715	-743	0
1724	-744	0
1734	-745	0
1743	-746	0
1752	-747	0
1761	-748	0
1766	-749	0
1615	-709	0
1619	-710	0
1623	-711	0
1626	-712	0
1630	-713	0
1634	-714	0
1638	-715	0
1642	-716	0
1646	-717	0
1649	-718	0
1653	-719	0
1657	-720	0
1661	-721	0
1665	-722	0
1668	-723	0
1672	-724	0
1676	-725	0
1680	-726	0
1684	-727	0
1688	-728	0
1691	-729	0
1695	-730	0
1699	-731	0
1703	-732	0
1707	-733	0
1711	-734	0
1714	-735	0
1718	-736	0
1722	-737	0
1726	-738	0
1730	-739	0
1733	-740	0
1737	-741	0
1741	-742	0
1745	-743	0
1749	-744	0
1753	-745	0
1756	-746	0
1760	-747	0
1764	-748	0
1766	-749	0
1618	-709	0
1629	-710	0
1639	-711	0
1650	-712	0
1661	-713	0
1671	-714	0
1682	-715	0
1692	-716	0
1703	-717	0
1714	-718	0
1724	-719	0
1735	-720	0
1745	-721	0
1756	-722	0
1766	-723	0
1777	-724	0
1788	-725	0
1798	-726	0
1809	-727	0
1819	-728	0
1830	-729	0
1841	-730	0
1851	-731	0
1862	-732	0
1872	-733	0
1883	-734	0
1894	-735	0
1904	-736	0
1915	-737	0
1920	-738	0
1920	-739	0
1920	-740	0
1920	-741	0
1920	-742	0
1920	-743	0
1920	-744	0
1920	-745	0
1920	-746	0
1920	-747	0
1920	-748	0
1920	-749	0
1833	-709	0
1838	-710	0
1843	-711	0
1849	-712	0
1854	-713	0
1859	-714	0
1864	-715	0
1870	-716	0
1875	-717	0
1880	-718	0
1886	-719	0
1891	-720	0
1896	-721	0
1901	-722	0
1907	-723	0
1912	-724	0
1917	-725	0
1920	-726	0
1920	-727	0
1920	-728	0
1920	-729	0
1920	-730	0
1920	-731	0
1920	-732	0
1920	-733	0
1920	-734	0
1920	-735	0
1920	-736	0
1920	-737	0
1920	-738	0
1836	-709	0
1849	-710	0
1862	-711	0
1875	-712	0
1888	-713	0
1901	-714	0
1914	-715	0
1920	-716	0
1920	-717	0
1920	-718	0
1920	-719	0
1920	-720	0
1920	-721	0
1920	-722	0
1920	-723	0
1920	-724	0
1920	-725	0
1920	-726	0
1920	-709	0
1920	-710	0
1920	-711	0
1920	-712	0
1920	-713	0
1920	-714	0
1920	-715	0
1920	-716	0
47	-682	0
48	-683	0
50	-684	0
52	-685	0
53	-686	0
55	-687	0
57	-688	0
58	-689	0
60	-690	0
61	-691	0
63	-692	0
65	-693	0
66	-694	0
68	-695	0
70	-696	0
71	-697	0
73	-698	0
75	-699	0
76	-700	0
78	-701	0
79	-702	0
81	-703	0
83	-704	0
84	-705	0
86	-706	0
88	-707	0
89	-708	0
90	-709	0
229	-682	0
226	-683	0
221	-684	0
216	-685	0
211	-686	0
206	-687	0
201	-688	0
196	-689	0
190	-690	0
185	-691	0
180	-692	0
175	-693	0
170	-694	0
165	-695	0
159	-696	0
154	-697	0
149	-698	0
144	-699	0
139	-700	0
134	-701	0
129	-702	0
123	-703	0
118	-704	0
113	-705	0
108	-706	0
103	-707	0
98	-708	0
93	-709	0
230	-682	0
233	-683	0
236	-684	0
239	-685	0
242	-686	0
245	-687	0
248	-688	0
251	-689	0
254	-690	0
256	-691	0
259	-692	0
262	-693	0
265	-694	0
268	-695	0
271	-696	0
274	-697	0
277	-698	0
280	-699	0
282	-700	0
285	-701	0
288	-702	0
291	-703	0
294	-704	0
297	-705	0
300	-706	0
303	-707	0
306	-708	0
307	-709	0
412	-682	0
410	-683	0
406	-684	0
402	-685	0
398	-686	0
394	-687	0
391	-688	0
387	-689	0
383	-690	0
379	-691	0
375	-692	0
371	-693	0
367	-694	0
363	-695	0
359	-696	0
356	-697	0
352	-698	0
348	-699	0
344	-700	0
340	-701	0
336	-702	0
332	-703	0
328	-704	0
324	-705	0
321	-706	0
317	-707	0
313	-708	0
309	-709	0
414	-682	0
418	-683	0
422	-684	0
427	-685	0
431	-686	0
435	-687	0
439	-688	0
443	-689	0
448	-690	0
452	-691	0
456	-692	0
460	-693	0
464	-694	0
469	-695	0
473	-696	0
477	-697	0
481	-698	0
485	-699	0
489	-700	0
494	-701	0
498	-702	0
502	-703	0
506	-704	0
510	-705	0
515	-706	0
519	-707	0
523	-708	0
525	-709	0
594	-682	0
593	-683	0
590	-684	0
588	-685	0
585	-686	0
582	-687	0
580	-688	0
577	-689	0
575	-690	0
572	-691	0
570	-692	0
567	-693	0
565	-694	0
562	-695	0
559	-696	0
557	-697	0
554	-698	0
552	-699	0
549	-700	0
547	-701	0
544	-702	0
542	-703	0
539	-704	0
536	-705	0
534	-706	0
531	-707	0
529	-708	0
526	-709	0
597	-682	0
602	-683	0
608	-684	0
613	-685	0
619	-686	0
624	-687	0
630	-688	0
635	-689	0
641	-690	0
646	-691	0
652	-692	0
657	-693	0
663	-694	0
668	-695	0
673	-696	0
679	-697	0
684	-698	0
690	-699	0
695	-700	0
701	-701	0
706	-702	0
712	-703	0
717	-704	0
723	-705	0
728	-706	0
734	-707	0
739	-708	0
742	-709	0
777	-682	0
776	-683	0
775	-684	0
774	-685	0
772	-686	0
771	-687	0
770	-688	0
769	-689	0
767	-690	0
766	-691	0
765	-692	0
763	-693	0
762	-694	0
761	-695	0
759	-696	0
758	-697	0
757	-698	0
756	-699	0
754	-700	0
753	-701	0
752	-702	0
750	-703	0
749	-704	0
748	-705	0
747	-706	0
745	-707	0
744	-708	0
743	-709	0
780	-682	0
787	-683	0
794	-684	0
801	-685	0
808	-686	0
814	-687	0
821	-688	0
828	-689	0
835	-690	0
841	-691	0
848	-692	0
855	-693	0
862	-694	0
869	-695	0
875	-696	0
882	-697	0
889	-698	0
896	-699	0
902	-700	0
909	-701	0
916	-702	0
923	-703	0
930	-704	0
936	-705	0
943	-706	0
950	-707	0
957	-708	0
960	-709	0
960	-682	0
960	-683	0
960	-684	0
960	-685	0
960	-686	0
960	-687	0
960	-688	0
960	-689	0
960	-690	0
960	-691	0
960	-692	0
960	-693	0
960	-694	0
960	-695	0
960	-696	0
960	-697	0
960	-698	0
960	-699	0
960	-700	0
960	-701	0
960	-702	0
960	-703	0
960	-704	0
960	-705	0
960	-706	0
960	-707	0
960	-708	0
960	-709	0
964	-682	0
972	-683	0
980	-684	0
988	-685	0
996	-686	0
1004	-687	0
1012	-688	0
1021	-689	0
1029	-690	0
1037	-691	0
1045	-692	0
1053	-693	0
1061	-694	0
1069	-695	0
1077	-696	0
1085	-697	0
1093	-698	0
1101	-699	0
1109	-700	0
1117	-701	0
1126	-702	0
1134	-703	0
1142	-704	0
1150	-705	0
1158	-706	0
1166	-707	0
1174	-708	0
1178	-709	0
1144	-682	0
1145	-683	0
1146	-684	0
1148	-685	0
1149	-686	0
1150	-687	0
1151	-688	0
1153	-689	0
1154	-690	0
1155	-691	0
1157	-692	0
1158	-693	0
1159	-694	0
1161	-695	0
1162	-696	0
1163	-697	0
1164	-698	0
1166	-699	0
1167	-700	0
1168	-701	0
1170	-702	0
1171	-703	0
1172	-704	0
1173	-705	0
1175	-706	0
1176	-707	0
1177	-708	0
1178	-709	0
1148	-682	0
1157	-683	0
1166	-684	0
1176	-685	0
1185	-686	0
1194	-687	0
1204	-688	0
1213	-689	0
1222	-690	0
1232	-691	0
1241	-692	0
1250	-693	0
1260	-694	0
1269	-695	0
1278	-696	0
1288	-697	0
1297	-698	0
1306	-699	0
1316	-700	0
1325	-701	0
1334	-702	0
1344	-703	0
1353	-704	0
1362	-705	0
1372	-706	0
1381	-707	0
1390	-708	0
1395	-709	0
1327	-682	0
1330	-683	0
1332	-684	0
1335	-685	0
1338	-686	0
1340	-687	0
1343	-688	0
1345	-689	0
1348	-690	0
1350	-691	0
1353	-692	0
1355	-693	0
1358	-694	0
1361	-695	0
1363	-696	0
1366	-697	0
1368	-698	0
1371	-699	0
1373	-700	0
1376	-701	0
1378	-702	0
1381	-703	0
1384	-704	0
1386	-705	0
1389	-706	0
1391	-707	0
1394	-708	0
1395	-709	0
1331	-682	0
1342	-683	0
1353	-684	0
1363	-685	0
1374	-686	0
1384	-687	0
1395	-688	0
1406	-689	0
1416	-690	0
1427	-691	0
1438	-692	0
1448	-693	0
1459	-694	0
1470	-695	0
1480	-696	0
1491	-697	0
1501	-698	0
1512	-699	0
1523	-700	0
1533	-701	0
1544	-702	0
1555	-703	0
1565	-704	0
1576	-705	0
1586	-706	0
1597	-707	0
1608	-708	0
1613	-709	0
1510	-682	0
1514	-683	0
1518	-684	0
1522	-685	0
1526	-686	0
1529	-687	0
1533	-688	0
1537	-689	0
1541	-690	0
1545	-691	0
1549	-692	0
1553	-693	0
1557	-694	0
1561	-695	0
1564	-696	0
1568	-697	0
1572	-698	0
1576	-699	0
1580	-700	0
1584	-701	0
1588	-702	0
1592	-703	0
1596	-704	0
1599	-705	0
1603	-706	0
1607	-707	0
1611	-708	0
1613	-709	0
1514	-682	0
1526	-683	0
1538	-684	0
1550	-685	0
1562	-686	0
1574	-687	0
1586	-688	0
1597	-689	0
1609	-690	0
1621	-691	0
1633	-692	0
1645	-693	0
1657	-694	0
1669	-695	0
1681	-696	0
1693	-697	0
1705	-698	0
1717	-699	0
1729	-700	0
1741	-701	0
1752	-702	0
1764	-703	0
1776	-704	0
1788	-705	0
1800	-706	0
1812	-707	0
1824	-708	0
1830	-709	0
1694	-682	0
1699	-683	0
1704	-684	0
1709	-685	0
1714	-686	0
1719	-687	0
1724	-688	0
1730	-689	0
1735	-690	0
1740	-691	0
1745	-692	0
1750	-693	0
1755	-694	0
1761	-695	0
1766	-696	0
1771	-697	0
1776	-698	0
1781	-699	0
1786	-700	0
1791	-701	0
1797	-702	0
1802	-703	0
1807	-704	0
1812	-705	0
1817	-706	0
1822	-707	0
1827	-708	0
1830	-709	0
1698	-682	0
1711	-683	0
1725	-684	0
1738	-685	0
1752	-686	0
1765	-687	0
1779	-688	0
1792	-689	0
1805	-690	0
1819	-691	0
1832	-692	0
1846	-693	0
1859	-694	0
1873	-695	0
1886	-696	0
1900	-697	0
1913	-698	0
1920	-699	0
1920	-700	0
1920	-701	0
1920	-702	0
1920	-703	0
1920	-704	0
1920	-705	0
1920	-706	0
1920	-707	0
1920	-708	0
1920	-709	0
1877	-682	0
1884	-683	0
1890	-684	0
1897	-685	0
1904	-686	0
1910	-687	0
1917	-688	0
1920	-689	0
1920	-690	0
1920	-691	0
1920	-692	0
1920	-693	0
1920	-694	0
1920	-695	0
1920	-696	0
1920	-697	0
1920	-698	0
1920	-699	0
173	-662	0
176	-663	0
179	-664	0
182	-665	0
185	-666	0
188	-667	0
191	-668	0
193	-669	0
196	-670	0
199	-671	0
202	-672	0
205	-673	0
208	-674	0
210	-675	0
213	-676	0
216	-677	0
219	-678	0
222	-679	0
225	-680	0
228	-681	0
229	-682	0
329	-662	0
326	-663	0
321	-664	0
316	-665	0
311	-666	0
306	-667	0
301	-668	0
296	-669	0
291	-670	0
286	-671	0
281	-672	0
276	-673	0
271	-674	0
266	-675	0
261	-676	0
256	-677	0
251	-678	0
246	-679	0
241	-680	0
236	-681	0
231	-682	0
331	-662	0
335	-663	0
339	-664	0
344	-665	0
348	-666	0
352	-667	0
356	-668	0
360	-669	0
364	-670	0
368	-671	0
373	-672	0
377	-673	0
381	-674	0
385	-675	0
389	-676	0
393	-677	0
397	-678	0
402	-679	0
406	-680	0
410	-681	0
412	-682	0
487	-662	0
485	-663	0
481	-664	0
478	-665	0
474	-666	0
470	-667	0
466	-668	0
463	-669	0
459	-670	0
455	-671	0
451	-672	0
448	-673	0
444	-674	0
440	-675	0
436	-676	0
433	-677	0
429	-678	0
425	-679	0
421	-680	0
418	-681	0
414	-682	0
490	-662	0
495	-663	0
500	-664	0
506	-665	0
511	-666	0
516	-667	0
522	-668	0
527	-669	0
532	-670	0
538	-671	0
543	-672	0
549	-673	0
554	-674	0
559	-675	0
565	-676	0
570	-677	0
575	-678	0
581	-679	0
586	-680	0
591	-681	0
594	-682	0
645	-662	0
644	-663	0
641	-664	0
639	-665	0
636	-666	0
634	-667	0
631	-668	0
628	-669	0
626	-670	0
623	-671	0
621	-672	0
618	-673	0
616	-674	0
613	-675	0
611	-676	0
608	-677	0
605	-678	0
603	-679	0
600	-680	0
598	-681	0
595	-682	0
648	-662	0
655	-663	0
662	-664	0
668	-665	0
675	-666	0
681	-667	0
688	-668	0
695	-669	0
701	-670	0
708	-671	0
714	-672	0
721	-673	0
728	-674	0
734	-675	0
741	-676	0
747	-677	0
754	-678	0
761	-679	0
767	-680	0
774	-681	0
777	-682	0
802	-662	0
801	-663	0
800	-664	0
799	-665	0
798	-666	0
796	-667	0
795	-668	0
794	-669	0
793	-670	0
791	-671	0
790	-672	0
789	-673	0
788	-674	0
786	-675	0
785	-676	0
784	-677	0
783	-678	0
781	-679	0
780	-680	0
779	-681	0
778	-682	0
806	-662	0
814	-663	0
822	-664	0
830	-665	0
838	-666	0
845	-667	0
853	-668	0
861	-669	0
869	-670	0
877	-671	0
885	-672	0
893	-673	0
901	-674	0
909	-675	0
917	-676	0
924	-677	0
932	-678	0
940	-679	0
948	-680	0
956	-681	0
960	-682	0
960	-662	0
960	-663	0
960	-664	0
960	-665	0
960	-666	0
960	-667	0
960	-668	0
960	-669	0
960	-670	0
960	-671	0
960	-672	0
960	-673	0
960	-674	0
960	-675	0
960	-676	0
960	-677	0
960	-678	0
960	-679	0
960	-680	0
960	-681	0
960	-682	0
965	-662	0
974	-663	0
983	-664	0
992	-665	0
1001	-666	0
1010	-667	0
1019	-668	0
1029	-669	0
1038	-670	0
1047	-671	0
1056	-672	0
1065	-673	0
1074	-674	0
1084	-675	0
1093	-676	0
1102	-677	0
1111	-678	0
1120	-679	0
1129	-680	0
1138	-681	0
1143	-682	0
1119	-662	0
1120	-663	0
1121	-664	0
1122	-665	0
1124	-666	0
1125	-667	0
1126	-668	0
1127	-669	0
1129	-670	0
1130	-671	0
1131	-672	0
1132	-673	0
1134	-674	0
1135	-675	0
1136	-676	0
1137	-677	0
1139	-678	0
1140	-679	0
1141	-680	0
1142	-681	0
1143	-682	0
1123	-662	0
1134	-663	0
1144	-664	0
1154	-665	0
1165	-666	0
1175	-667	0
1186	-668	0
1196	-669	0
1206	-670	0
1217	-671	0
1227	-672	0
1238	-673	0
1248	-674	0
1258	-675	0
1269	-676	0
1279	-677	0
1290	-678	0
1300	-679	0
1310	-680	0
1321	-681	0
1326	-682	0
1276	-662	0
1279	-663	0
1281	-664	0
1284	-665	0
1286	-666	0
1289	-667	0
1292	-668	0
1294	-669	0
1297	-670	0
1299	-671	0
1302	-672	0
1304	-673	0
1307	-674	0
1309	-675	0
1312	-676	0
1315	-677	0
1317	-678	0
1320	-679	0
1322	-680	0
1325	-681	0
1326	-682	0
1281	-662	0
1292	-663	0
1304	-664	0
1316	-665	0
1327	-666	0
1339	-667	0
1351	-668	0
1362	-669	0
1374	-670	0
1386	-671	0
1397	-672	0
1409	-673	0
1421	-674	0
1432	-675	0
1444	-676	0
1456	-677	0
1467	-678	0
1479	-679	0
1491	-680	0
1502	-681	0
1508	-682	0
1435	-662	0
1439	-663	0
1442	-664	0
1446	-665	0
1450	-666	0
1454	-667	0
1457	-668	0
1461	-669	0
1465	-670	0
1469	-671	0
1472	-672	0
1476	-673	0
1480	-674	0
1484	-675	0
1487	-676	0
1491	-677	0
1495	-678	0
1499	-679	0
1502	-680	0
1506	-681	0
1508	-682	0
1439	-662	0
1452	-663	0
1465	-664	0
1478	-665	0
1491	-666	0
1504	-667	0
1517	-668	0
1530	-669	0
1543	-670	0
1556	-671	0
1568	-672	0
1581	-673	0
1594	-674	0
1607	-675	0
1620	-676	0
1633	-677	0
1646	-678	0
1659	-679	0
1672	-680	0
1685	-681	0
1691	-682	0
1594	-662	0
1599	-663	0
1604	-664	0
1609	-665	0
1614	-666	0
1619	-667	0
1624	-668	0
1629	-669	0
1634	-670	0
1639	-671	0
1644	-672	0
1649	-673	0
1654	-674	0
1659	-675	0
1664	-676	0
1669	-677	0
1674	-678	0
1679	-679	0
1684	-680	0
1689	-681	0
1691	-682	0
1598	-662	0
1612	-663	0
1626	-664	0
1641	-665	0
1655	-666	0
1669	-667	0
1683	-668	0
1697	-669	0
1711	-670	0
1725	-671	0
1740	-672	0
1754	-673	0
1768	-674	0
1782	-675	0
1796	-676	0
1810	-677	0
1824	-678	0
1839	-679	0
1853	-680	0
1867	-681	0
1874	-682	0
1751	-662	0
1757	-663	0
1764	-664	0
1770	-665	0
1776	-666	0
1783	-667	0
1789	-668	0
1795	-669	0
1802	-670	0
1808	-671	0
1814	-672	0
1820	-673	0
1827	-674	0
1833	-675	0
1839	-676	0
1846	-677	0
1852	-678	0
1858	-679	0
1865	-680	0
1871	-681	0
1874	-682	0
269	-648	0
274	-649	0
278	-650	0
283	-651	0
287	-652	0
291	-653	0
296	-654	0
300	-655	0
305	-656	0
309	-657	0
314	-658	0
318	-659	0
322	-660	0
327	-661	0
329	-662	0
406	-648	0
403	-649	0
398	-650	0
392	-651	0
387	-652	0
381	-653	0
376	-654	0
370	-655	0
365	-656	0
359	-657	0
354	-658	0
348	-659	0
343	-660	0
337	-661	0
332	-662	0
409	-648	0
415	-649	0
420	-650	0
426	-651	0
432	-652	0
438	-653	0
444	-654	0
449	-655	0
455	-656	0
461	-657	0
467	-658	0
473	-659	0
478	-660	0
484	-661	0
487	-662	0
544	-648	0
542	-649	0
538	-650	0
534	-651	0
530	-652	0
526	-653	0
522	-654	0
518	-655	0
513	-656	0
509	-657	0
505	-658	0
501	-659	0
497	-660	0
493	-661	0
489	-662	0
548	-648	0
555	-649	0
562	-650	0
569	-651	0
576	-652	0
584	-653	0
591	-654	0
598	-655	0
605	-656	0
613	-657	0
620	-658	0
627	-659	0
634	-660	0
641	-661	0
645	-662	0
683	-648	0
682	-649	0
679	-650	0
676	-651	0
673	-652	0
671	-653	0
668	-654	0
665	-655	0
663	-656	0
660	-657	0
657	-658	0
654	-659	0
652	-660	0
649	-661	0
646	-662	0
687	-648	0
696	-649	0
704	-650	0
713	-651	0
721	-652	0
730	-653	0
738	-654	0
747	-655	0
755	-656	0
764	-657	0
772	-658	0
781	-659	0
789	-660	0
798	-661	0
802	-662	0
821	-648	0
820	-649	0
819	-650	0
818	-651	0
816	-652	0
815	-653	0
814	-654	0
812	-655	0
811	-656	0
809	-657	0
808	-658	0
807	-659	0
805	-660	0
804	-661	0
803	-662	0
826	-648	0
836	-649	0
846	-650	0
856	-651	0
866	-652	0
876	-653	0
886	-654	0
895	-655	0
905	-656	0
915	-657	0
925	-658	0
935	-659	0
945	-660	0
955	-661	0
960	-662	0
960	-648	0
960	-649	0
960	-650	0
960	-651	0
960	-652	0
960	-653	0
960	-654	0
960	-655	0
960	-656	0
960	-657	0
960	-658	0
960	-659	0
960	-660	0
960	-661	0
960	-662	0
966	-648	0
977	-649	0
988	-650	0
1000	-651	0
1011	-652	0
1022	-653	0
1033	-654	0
1045	-655	0
1056	-656	0
1067	-657	0
1079	-658	0
1090	-659	0
1101	-660	0
1112	-661	0
1118	-662	0
1100	-648	0
1101	-649	0
1102	-650	0
1104	-651	0
1105	-652	0
1106	-653	0
1108	-654	0
1109	-655	0
1111	-656	0
1112	-657	0
1113	-658	0
1115	-659	0
1116	-660	0
1117	-661	0
1118	-662	0
1105	-648	0
1118	-649	0
1130	-650	0
1143	-651	0
1156	-652	0
1168	-653	0
1181	-654	0
1193	-655	0
1206	-656	0
1218	-657	0
1231	-658	0
1244	-659	0
1256	-660	0
1269	-661	0
1275	-662	0
1238	-648	0
1241	-649	0
1244	-650	0
1247	-651	0
1249	-652	0
1252	-653	0
1255	-654	0
1257	-655	0
1260	-656	0
1263	-657	0
1266	-658	0
1268	-659	0
1271	-660	0
1274	-661	0
1275	-662	0
1244	-648	0
1258	-649	0
1272	-650	0
1286	-651	0
1300	-652	0
1314	-653	0
1328	-654	0
1342	-655	0
1356	-656	0
1370	-657	0
1384	-658	0
1398	-659	0
1412	-660	0
1426	-661	0
1433	-662	0
1378	-648	0
1382	-649	0
1386	-650	0
1390	-651	0
1394	-652	0
1398	-653	0
1402	-654	0
1407	-655	0
1411	-656	0
1415	-657	0
1419	-658	0
1423	-659	0
1427	-660	0
1431	-661	0
1433	-662	0
1384	-648	0
1399	-649	0
1414	-650	0
1430	-651	0
1445	-652	0
1460	-653	0
1476	-654	0
1491	-655	0
1507	-656	0
1522	-657	0
1537	-658	0
1553	-659	0
1568	-660	0
1583	-661	0
1591	-662	0
1517	-648	0
1522	-649	0
1528	-650	0
1533	-651	0
1539	-652	0
1544	-653	0
1550	-654	0
1555	-655	0
1561	-656	0
1566	-657	0
1572	-658	0
1577	-659	0
1583	-660	0
1588	-661	0
1591	-662	0
1522	-648	0
1539	-649	0
1556	-650	0
1573	-651	0
1589	-652	0
1606	-653	0
1623	-654	0
1639	-655	0
1656	-656	0
1673	-657	0
1690	-658	0
1706	-659	0
1723	-660	0
1740	-661	0
1748	-662	0
1656	-648	0
1663	-649	0
1670	-650	0
1677	-651	0
1684	-652	0
1690	-653	0
1697	-654	0
1704	-655	0
1711	-656	0
1717	-657	0
1724	-658	0
1731	-659	0
1738	-660	0
1745	-661	0
1748	-662	0
